0.166660 	 0.000000 	 -2.650654 	 0.000000 	 0.000000 	 0.000000 	 -0.000643 	 0.000000 
1.477547 	 2.975371 	 -0.934511 	 0.000000 	 0.000000 	 0.000000 	 -0.000438 	 0.000000 
5.175260 	 3.390099 	 -0.158220 	 0.000000 	 0.000000 	 0.000000 	 -0.000368 	 0.000000 
-5.845593 	 1.720892 	 -3.845088 	 0.000000 	 0.000000 	 0.000000 	 -0.000452 	 0.000000 
5.677408 	 -2.596524 	 0.857774 	 0.000000 	 0.000000 	 0.000000 	 -0.000524 	 0.000000 
1.638851 	 0.541982 	 1.090509 	 0.000000 	 0.000000 	 0.000000 	 -0.000525 	 0.000000 
-0.099462 	 6.707756 	 -2.959327 	 0.000000 	 0.000000 	 0.000000 	 -0.000330 	 0.000000 
-3.263538 	 -0.655702 	 5.164284 	 0.000000 	 0.000000 	 0.000000 	 -0.000453 	 0.000000 
2.133712 	 -5.346943 	 -4.587041 	 0.000000 	 0.000000 	 0.000000 	 -0.001055 	 0.000000 
-3.442742 	 -1.636284 	 -6.059551 	 0.000000 	 0.000000 	 0.000000 	 -0.000652 	 0.000000 
4.747589 	 -0.452060 	 -5.634578 	 0.000000 	 0.000000 	 0.000000 	 -0.000483 	 0.000000 
0.627946 	 -2.852712 	 -3.870045 	 0.000000 	 0.000000 	 0.000000 	 -0.000966 	 0.000000 
6.481968 	 0.812312 	 -1.638244 	 0.000000 	 0.000000 	 0.000000 	 -0.000416 	 0.000000 
-0.511636 	 -1.103854 	 0.712636 	 0.000000 	 0.000000 	 0.000000 	 -0.000692 	 0.000000 
-3.078773 	 -3.055904 	 -4.875200 	 0.000000 	 0.000000 	 0.000000 	 -0.000891 	 0.000000 
0.619940 	 -4.687306 	 -3.804753 	 0.000000 	 0.000000 	 0.000000 	 -0.001417 	 0.000000 
-6.320140 	 -0.377715 	 -2.506765 	 0.000000 	 0.000000 	 0.000000 	 -0.000539 	 0.000000 
-2.435818 	 2.685505 	 4.144179 	 0.000000 	 0.000000 	 0.000000 	 -0.000388 	 0.000000 
-6.107657 	 -0.977289 	 -0.902184 	 0.000000 	 0.000000 	 0.000000 	 -0.000572 	 0.000000 
-2.674386 	 -4.721632 	 -4.738105 	 0.000000 	 0.000000 	 0.000000 	 -0.001230 	 0.000000 
1.564230 	 -1.845394 	 1.545784 	 0.000000 	 0.000000 	 0.000000 	 -0.000659 	 0.000000 
3.073871 	 -0.652100 	 -1.103843 	 0.000000 	 0.000000 	 0.000000 	 -0.000594 	 0.000000 
-0.448989 	 3.498477 	 -5.727170 	 0.000000 	 0.000000 	 0.000000 	 -0.000410 	 0.000000 
2.337720 	 -5.887266 	 -0.454568 	 0.000000 	 0.000000 	 0.000000 	 -0.001129 	 0.000000 
-6.802899 	 -0.522629 	 1.198587 	 0.000000 	 0.000000 	 0.000000 	 -0.000488 	 0.000000 
5.177448 	 -5.397489 	 1.180714 	 0.000000 	 0.000000 	 0.000000 	 -0.000617 	 0.000000 
-2.105482 	 3.636453 	 -0.922106 	 0.000000 	 0.000000 	 0.000000 	 -0.000423 	 0.000000 
3.865196 	 3.274777 	 5.041042 	 0.000000 	 0.000000 	 0.000000 	 -0.000335 	 0.000000 
2.242049 	 -0.653098 	 3.209001 	 0.000000 	 0.000000 	 0.000000 	 -0.000504 	 0.000000 
-0.318513 	 -0.751370 	 -0.914266 	 0.000000 	 0.000000 	 0.000000 	 -0.000713 	 0.000000 
5.063274 	 0.015995 	 -3.939723 	 0.000000 	 0.000000 	 0.000000 	 -0.000479 	 0.000000 
-1.355012 	 1.355708 	 -5.617844 	 0.000000 	 0.000000 	 0.000000 	 -0.000505 	 0.000000 
1.106991 	 -4.902730 	 -0.584587 	 0.000000 	 0.000000 	 0.000000 	 -0.001333 	 0.000000 
4.163726 	 -5.484103 	 0.358151 	 0.000000 	 0.000000 	 0.000000 	 -0.000747 	 0.000000 
-0.501507 	 4.875332 	 3.373326 	 0.000000 	 0.000000 	 0.000000 	 -0.000345 	 0.000000 
2.241393 	 6.479723 	 -0.728431 	 0.000000 	 0.000000 	 0.000000 	 -0.000325 	 0.000000 
4.982303 	 -1.077806 	 3.051953 	 0.000000 	 0.000000 	 0.000000 	 -0.000453 	 0.000000 
3.357212 	 -3.621917 	 -5.304785 	 0.000000 	 0.000000 	 0.000000 	 -0.000714 	 0.000000 
3.143310 	 0.358777 	 5.912517 	 0.000000 	 0.000000 	 0.000000 	 -0.000384 	 0.000000 
1.406573 	 -4.331623 	 -4.638644 	 0.000000 	 0.000000 	 0.000000 	 -0.001050 	 0.000000 
3.842351 	 -2.496995 	 3.008575 	 0.000000 	 0.000000 	 0.000000 	 -0.000534 	 0.000000 
3.509295 	 -1.281187 	 4.503353 	 0.000000 	 0.000000 	 0.000000 	 -0.000454 	 0.000000 
3.082225 	 5.067425 	 -0.902101 	 0.000000 	 0.000000 	 0.000000 	 -0.000354 	 0.000000 
6.790057 	 1.345230 	 1.537708 	 0.000000 	 0.000000 	 0.000000 	 -0.000375 	 0.000000 
3.039537 	 6.731466 	 0.371556 	 0.000000 	 0.000000 	 0.000000 	 -0.000311 	 0.000000 
-0.938589 	 2.424299 	 4.947936 	 0.000000 	 0.000000 	 0.000000 	 -0.000382 	 0.000000 
2.748607 	 -1.282607 	 4.390695 	 0.000000 	 0.000000 	 0.000000 	 -0.000474 	 0.000000 
-6.793975 	 -1.420874 	 3.066853 	 0.000000 	 0.000000 	 0.000000 	 -0.000472 	 0.000000 
0.337418 	 -2.956588 	 1.735925 	 0.000000 	 0.000000 	 0.000000 	 -0.000781 	 0.000000 
0.956252 	 -1.249458 	 -1.348333 	 0.000000 	 0.000000 	 0.000000 	 -0.000744 	 0.000000 
-4.420818 	 2.464714 	 -2.256987 	 0.000000 	 0.000000 	 0.000000 	 -0.000453 	 0.000000 
-3.347192 	 1.875445 	 -4.016565 	 0.000000 	 0.000000 	 0.000000 	 -0.000488 	 0.000000 
-0.419632 	 1.297592 	 -4.554476 	 0.000000 	 0.000000 	 0.000000 	 -0.000528 	 0.000000 
4.993053 	 1.185772 	 -3.449737 	 0.000000 	 0.000000 	 0.000000 	 -0.000442 	 0.000000 
-4.527934 	 0.155818 	 5.382357 	 0.000000 	 0.000000 	 0.000000 	 -0.000411 	 0.000000 
3.795563 	 1.475320 	 -4.767811 	 0.000000 	 0.000000 	 0.000000 	 -0.000450 	 0.000000 
-3.492104 	 5.358992 	 -0.554567 	 0.000000 	 0.000000 	 0.000000 	 -0.000357 	 0.000000 
-3.145782 	 -1.864412 	 -6.166785 	 0.000000 	 0.000000 	 0.000000 	 -0.000672 	 0.000000 
-3.568808 	 2.486131 	 0.754711 	 0.000000 	 0.000000 	 0.000000 	 -0.000444 	 0.000000 
2.696519 	 -2.166523 	 -2.937755 	 0.000000 	 0.000000 	 0.000000 	 -0.000741 	 0.000000 
4.175275 	 3.716015 	 -5.214690 	 0.000000 	 0.000000 	 0.000000 	 -0.000369 	 0.000000 
-2.154383 	 -4.698100 	 4.122858 	 0.000000 	 0.000000 	 0.000000 	 -0.000660 	 0.000000 
-3.021910 	 5.551035 	 3.412558 	 0.000000 	 0.000000 	 0.000000 	 -0.000326 	 0.000000 
-0.927815 	 -5.082220 	 1.720482 	 0.000000 	 0.000000 	 0.000000 	 -0.001033 	 0.000000 
-5.424618 	 -4.508616 	 -1.216780 	 0.000000 	 0.000000 	 0.000000 	 -0.000890 	 0.000000 
0.364160 	 -2.400088 	 -1.227958 	 0.000000 	 0.000000 	 0.000000 	 -0.000937 	 0.000000 
-5.287782 	 -3.894907 	 0.185158 	 0.000000 	 0.000000 	 0.000000 	 -0.000789 	 0.000000 
2.218886 	 4.784893 	 -2.606207 	 0.000000 	 0.000000 	 0.000000 	 -0.000371 	 0.000000 
-3.108778 	 -3.904754 	 2.773019 	 0.000000 	 0.000000 	 0.000000 	 -0.000729 	 0.000000 
-5.209103 	 -4.773064 	 1.720308 	 0.000000 	 0.000000 	 0.000000 	 -0.000737 	 0.000000 
0.843972 	 1.837000 	 -0.841121 	 0.000000 	 0.000000 	 0.000000 	 -0.000498 	 0.000000 
3.278236 	 0.189338 	 6.897669 	 0.000000 	 0.000000 	 0.000000 	 -0.000364 	 0.000000 
2.047896 	 7.038994 	 1.560371 	 0.000000 	 0.000000 	 0.000000 	 -0.000305 	 0.000000 
-5.397539 	 -2.120082 	 0.545956 	 0.000000 	 0.000000 	 0.000000 	 -0.000642 	 0.000000 
-3.934386 	 1.285142 	 -1.733913 	 0.000000 	 0.000000 	 0.000000 	 -0.000520 	 0.000000 
0.422655 	 1.936493 	 -4.097488 	 0.000000 	 0.000000 	 0.000000 	 -0.000493 	 0.000000 
-2.848732 	 -1.441670 	 4.744488 	 0.000000 	 0.000000 	 0.000000 	 -0.000498 	 0.000000 
-3.479246 	 -5.061805 	 -1.851419 	 0.000000 	 0.000000 	 0.000000 	 -0.001486 	 0.000000 
-1.420360 	 1.146068 	 -4.704391 	 0.000000 	 0.000000 	 0.000000 	 -0.000536 	 0.000000 
6.226781 	 4.040235 	 -0.830788 	 0.000000 	 0.000000 	 0.000000 	 -0.000340 	 0.000000 
6.271273 	 -3.382057 	 1.544549 	 0.000000 	 0.000000 	 0.000000 	 -0.000501 	 0.000000 
6.690878 	 0.620480 	 2.704739 	 0.000000 	 0.000000 	 0.000000 	 -0.000378 	 0.000000 
0.586740 	 0.622046 	 -1.589796 	 0.000000 	 0.000000 	 0.000000 	 -0.000584 	 0.000000 
-1.000342 	 0.815361 	 1.383929 	 0.000000 	 0.000000 	 0.000000 	 -0.000529 	 0.000000 
3.763511 	 -1.938846 	 5.165716 	 0.000000 	 0.000000 	 0.000000 	 -0.000443 	 0.000000 
-1.037169 	 -1.524312 	 -2.941556 	 0.000000 	 0.000000 	 0.000000 	 -0.000835 	 0.000000 
7.071732 	 0.144522 	 0.377824 	 0.000000 	 0.000000 	 0.000000 	 -0.000406 	 0.000000 
-4.015010 	 -5.830259 	 0.652501 	 0.000000 	 0.000000 	 0.000000 	 -0.001057 	 0.000000 
-0.615400 	 -4.183150 	 -2.398265 	 0.000000 	 0.000000 	 0.000000 	 -0.001652 	 0.000000 
3.836235 	 4.540792 	 -0.202830 	 0.000000 	 0.000000 	 0.000000 	 -0.000357 	 0.000000 
5.868073 	 4.312945 	 0.061383 	 0.000000 	 0.000000 	 0.000000 	 -0.000336 	 0.000000 
5.785807 	 0.365754 	 4.869119 	 0.000000 	 0.000000 	 0.000000 	 -0.000367 	 0.000000 
1.548902 	 0.190329 	 2.621095 	 0.000000 	 0.000000 	 0.000000 	 -0.000501 	 0.000000 
3.808814 	 0.926123 	 -3.093291 	 0.000000 	 0.000000 	 0.000000 	 -0.000486 	 0.000000 
-3.683848 	 1.266073 	 1.219483 	 0.000000 	 0.000000 	 0.000000 	 -0.000488 	 0.000000 
-5.913752 	 0.478311 	 1.861185 	 0.000000 	 0.000000 	 0.000000 	 -0.000463 	 0.000000 
-4.177794 	 5.261840 	 -1.455818 	 0.000000 	 0.000000 	 0.000000 	 -0.000358 	 0.000000 
-0.530106 	 -3.306844 	 -1.408682 	 0.000000 	 0.000000 	 0.000000 	 -0.001218 	 0.000000 
3.529623 	 -2.215789 	 2.291553 	 0.000000 	 0.000000 	 0.000000 	 -0.000564 	 0.000000 
-1.275290 	 -1.786819 	 -0.598849 	 0.000000 	 0.000000 	 0.000000 	 -0.000842 	 0.000000 
0.685946 	 -0.953441 	 -2.688537 	 0.000000 	 0.000000 	 0.000000 	 -0.000727 	 0.000000 
-5.438847 	 2.726671 	 -0.246811 	 0.000000 	 0.000000 	 0.000000 	 -0.000419 	 0.000000 
7.205036 	 -0.885995 	 1.598206 	 0.000000 	 0.000000 	 0.000000 	 -0.000412 	 0.000000 
0.017951 	 -6.859767 	 3.245096 	 0.000000 	 0.000000 	 0.000000 	 -0.000802 	 0.000000 
1.751341 	 0.325105 	 -0.952170 	 0.000000 	 0.000000 	 0.000000 	 -0.000574 	 0.000000 
2.351413 	 1.305739 	 -2.569168 	 0.000000 	 0.000000 	 0.000000 	 -0.000507 	 0.000000 
0.076507 	 -1.861483 	 3.392067 	 0.000000 	 0.000000 	 0.000000 	 -0.000589 	 0.000000 
-3.539325 	 -2.328459 	 -4.877253 	 0.000000 	 0.000000 	 0.000000 	 -0.000776 	 0.000000 
4.558623 	 2.002446 	 -2.783357 	 0.000000 	 0.000000 	 0.000000 	 -0.000427 	 0.000000 
1.785593 	 -0.600245 	 -0.577304 	 0.000000 	 0.000000 	 0.000000 	 -0.000634 	 0.000000 
6.121963 	 -1.031808 	 3.826728 	 0.000000 	 0.000000 	 0.000000 	 -0.000405 	 0.000000 
-1.428082 	 0.968815 	 1.874660 	 0.000000 	 0.000000 	 0.000000 	 -0.000507 	 0.000000 
1.943264 	 7.279041 	 -1.169033 	 0.000000 	 0.000000 	 0.000000 	 -0.000310 	 0.000000 
-5.406677 	 -2.313615 	 0.907596 	 0.000000 	 0.000000 	 0.000000 	 -0.000640 	 0.000000 
-4.274188 	 0.979113 	 2.685249 	 0.000000 	 0.000000 	 0.000000 	 -0.000459 	 0.000000 
-2.042752 	 1.169311 	 -3.170818 	 0.000000 	 0.000000 	 0.000000 	 -0.000552 	 0.000000 
-1.816967 	 -5.377126 	 -4.716343 	 0.000000 	 0.000000 	 0.000000 	 -0.001509 	 0.000000 
-0.439301 	 -3.638906 	 -1.577973 	 0.000000 	 0.000000 	 0.000000 	 -0.001341 	 0.000000 
2.866281 	 -5.704952 	 -0.742995 	 0.000000 	 0.000000 	 0.000000 	 -0.001026 	 0.000000 
7.319160 	 -1.035944 	 0.039756 	 0.000000 	 0.000000 	 0.000000 	 -0.000429 	 0.000000 
-0.816328 	 -5.114228 	 -2.814064 	 0.000000 	 0.000000 	 0.000000 	 -0.002423 	 0.000000 
-0.057546 	 0.764490 	 1.812217 	 0.000000 	 0.000000 	 0.000000 	 -0.000517 	 0.000000 
1.954923 	 -0.767781 	 2.839023 	 0.000000 	 0.000000 	 0.000000 	 -0.000529 	 0.000000 
-3.919110 	 -0.523206 	 -5.897347 	 0.000000 	 0.000000 	 0.000000 	 -0.000572 	 0.000000 
2.937422 	 -3.171268 	 -5.937300 	 0.000000 	 0.000000 	 0.000000 	 -0.000682 	 0.000000 
4.789843 	 0.180844 	 -3.557487 	 0.000000 	 0.000000 	 0.000000 	 -0.000485 	 0.000000 
-1.083763 	 -1.383327 	 3.070873 	 0.000000 	 0.000000 	 0.000000 	 -0.000589 	 0.000000 
-6.018421 	 -2.873642 	 0.101157 	 0.000000 	 0.000000 	 0.000000 	 -0.000664 	 0.000000 
4.668411 	 -3.720153 	 3.191689 	 0.000000 	 0.000000 	 0.000000 	 -0.000528 	 0.000000 
2.180458 	 -5.574773 	 -3.636330 	 0.000000 	 0.000000 	 0.000000 	 -0.001191 	 0.000000 
0.702364 	 -5.941417 	 0.508695 	 0.000000 	 0.000000 	 0.000000 	 -0.001319 	 0.000000 
-2.774854 	 1.655659 	 -5.278025 	 0.000000 	 0.000000 	 0.000000 	 -0.000488 	 0.000000 
-3.360206 	 -0.161056 	 1.958849 	 0.000000 	 0.000000 	 0.000000 	 -0.000546 	 0.000000 
3.027492 	 0.178562 	 1.885289 	 0.000000 	 0.000000 	 0.000000 	 -0.000492 	 0.000000 
2.080012 	 -0.460991 	 -3.069523 	 0.000000 	 0.000000 	 0.000000 	 -0.000625 	 0.000000 
3.197925 	 -2.439823 	 2.263979 	 0.000000 	 0.000000 	 0.000000 	 -0.000589 	 0.000000 
-5.404930 	 -3.217600 	 -3.813354 	 0.000000 	 0.000000 	 0.000000 	 -0.000765 	 0.000000 
-2.741005 	 2.096145 	 -6.628043 	 0.000000 	 0.000000 	 0.000000 	 -0.000444 	 0.000000 
-3.011172 	 0.928008 	 3.482895 	 0.000000 	 0.000000 	 0.000000 	 -0.000456 	 0.000000 
-7.175756 	 0.498475 	 1.035642 	 0.000000 	 0.000000 	 0.000000 	 -0.000445 	 0.000000 
0.276730 	 1.373807 	 2.178571 	 0.000000 	 0.000000 	 0.000000 	 -0.000476 	 0.000000 
-1.369414 	 0.888613 	 -3.227740 	 0.000000 	 0.000000 	 0.000000 	 -0.000575 	 0.000000 
-3.616960 	 -0.684830 	 0.542930 	 0.000000 	 0.000000 	 0.000000 	 -0.000621 	 0.000000 
6.638608 	 1.819147 	 0.012423 	 0.000000 	 0.000000 	 0.000000 	 -0.000380 	 0.000000 
-2.385055 	 0.086494 	 -0.772166 	 0.000000 	 0.000000 	 0.000000 	 -0.000622 	 0.000000 
-2.267536 	 2.523502 	 5.072092 	 0.000000 	 0.000000 	 0.000000 	 -0.000376 	 0.000000 
0.653765 	 -0.772625 	 1.613128 	 0.000000 	 0.000000 	 0.000000 	 -0.000606 	 0.000000 
-1.453879 	 5.668174 	 -3.574457 	 0.000000 	 0.000000 	 0.000000 	 -0.000356 	 0.000000 
3.202794 	 2.375696 	 2.658856 	 0.000000 	 0.000000 	 0.000000 	 -0.000397 	 0.000000 
-5.488612 	 2.513049 	 1.124931 	 0.000000 	 0.000000 	 0.000000 	 -0.000412 	 0.000000 
0.746088 	 -6.342815 	 3.157347 	 0.000000 	 0.000000 	 0.000000 	 -0.000785 	 0.000000 
-0.426727 	 -7.154400 	 0.088586 	 0.000000 	 0.000000 	 0.000000 	 -0.001841 	 0.000000 
6.713887 	 2.622374 	 1.106540 	 0.000000 	 0.000000 	 0.000000 	 -0.000353 	 0.000000 
-2.732651 	 -0.910229 	 2.512165 	 0.000000 	 0.000000 	 0.000000 	 -0.000576 	 0.000000 
-0.047635 	 -0.186369 	 -2.420095 	 0.000000 	 0.000000 	 0.000000 	 -0.000665 	 0.000000 
-1.238128 	 4.658503 	 1.759368 	 0.000000 	 0.000000 	 0.000000 	 -0.000368 	 0.000000 
-3.118285 	 1.376531 	 -1.733964 	 0.000000 	 0.000000 	 0.000000 	 -0.000528 	 0.000000 
2.329988 	 2.620483 	 -4.519983 	 0.000000 	 0.000000 	 0.000000 	 -0.000435 	 0.000000 
1.527216 	 -3.214829 	 -1.946108 	 0.000000 	 0.000000 	 0.000000 	 -0.001000 	 0.000000 
4.478790 	 0.391540 	 -3.018826 	 0.000000 	 0.000000 	 0.000000 	 -0.000490 	 0.000000 
0.499972 	 -6.657465 	 -1.065450 	 0.000000 	 0.000000 	 0.000000 	 -0.002268 	 0.000000 
-3.720901 	 -0.629938 	 -1.365489 	 0.000000 	 0.000000 	 0.000000 	 -0.000658 	 0.000000 
-4.264301 	 4.245153 	 3.376170 	 0.000000 	 0.000000 	 0.000000 	 -0.000350 	 0.000000 
-0.540512 	 -4.746472 	 -4.113178 	 0.000000 	 0.000000 	 0.000000 	 -0.001564 	 0.000000 
-1.670549 	 -3.894884 	 4.675380 	 0.000000 	 0.000000 	 0.000000 	 -0.000595 	 0.000000 
-4.231357 	 6.248271 	 0.539431 	 0.000000 	 0.000000 	 0.000000 	 -0.000326 	 0.000000 
5.167663 	 -2.708297 	 3.417505 	 0.000000 	 0.000000 	 0.000000 	 -0.000478 	 0.000000 
-3.380251 	 5.621289 	 -1.902287 	 0.000000 	 0.000000 	 0.000000 	 -0.000354 	 0.000000 
-0.938119 	 -1.532043 	 -0.376449 	 0.000000 	 0.000000 	 0.000000 	 -0.000796 	 0.000000 
-3.646744 	 2.380713 	 1.548540 	 0.000000 	 0.000000 	 0.000000 	 -0.000436 	 0.000000 
1.691316 	 1.055788 	 0.482351 	 0.000000 	 0.000000 	 0.000000 	 -0.000509 	 0.000000 
0.913188 	 4.373885 	 -3.247219 	 0.000000 	 0.000000 	 0.000000 	 -0.000392 	 0.000000 
-4.551082 	 3.314295 	 -2.546424 	 0.000000 	 0.000000 	 0.000000 	 -0.000418 	 0.000000 
1.765099 	 -6.508040 	 -1.418095 	 0.000000 	 0.000000 	 0.000000 	 -0.001505 	 0.000000 
-1.195562 	 -3.476415 	 1.006108 	 0.000000 	 0.000000 	 0.000000 	 -0.000957 	 0.000000 
-0.182111 	 -1.735577 	 -1.543803 	 0.000000 	 0.000000 	 0.000000 	 -0.000856 	 0.000000 
0.667892 	 3.125085 	 -2.795432 	 0.000000 	 0.000000 	 0.000000 	 -0.000442 	 0.000000 
-6.753125 	 -1.228774 	 -2.769858 	 0.000000 	 0.000000 	 0.000000 	 -0.000561 	 0.000000 
-2.001023 	 0.738662 	 -3.324990 	 0.000000 	 0.000000 	 0.000000 	 -0.000581 	 0.000000 
-6.765076 	 -1.525137 	 2.067209 	 0.000000 	 0.000000 	 0.000000 	 -0.000504 	 0.000000 
5.109184 	 -0.982842 	 -1.752274 	 0.000000 	 0.000000 	 0.000000 	 -0.000525 	 0.000000 
-0.369554 	 -1.555153 	 -3.479642 	 0.000000 	 0.000000 	 0.000000 	 -0.000818 	 0.000000 
-0.137838 	 2.644627 	 6.720262 	 0.000000 	 0.000000 	 0.000000 	 -0.000343 	 0.000000 
-2.516710 	 -6.113983 	 2.694555 	 0.000000 	 0.000000 	 0.000000 	 -0.000864 	 0.000000 
-6.578078 	 -1.025329 	 1.123158 	 0.000000 	 0.000000 	 0.000000 	 -0.000517 	 0.000000 
-4.132353 	 1.053988 	 2.592878 	 0.000000 	 0.000000 	 0.000000 	 -0.000460 	 0.000000 
-0.822259 	 1.838683 	 -3.521875 	 0.000000 	 0.000000 	 0.000000 	 -0.000511 	 0.000000 
-6.324215 	 1.098784 	 -3.916319 	 0.000000 	 0.000000 	 0.000000 	 -0.000464 	 0.000000 
-1.812864 	 3.269313 	 -2.034970 	 0.000000 	 0.000000 	 0.000000 	 -0.000442 	 0.000000 
2.886655 	 -2.927702 	 4.361133 	 0.000000 	 0.000000 	 0.000000 	 -0.000519 	 0.000000 
0.623632 	 2.942233 	 1.957780 	 0.000000 	 0.000000 	 0.000000 	 -0.000416 	 0.000000 
0.931893 	 3.426837 	 -2.266654 	 0.000000 	 0.000000 	 0.000000 	 -0.000428 	 0.000000 
-0.273181 	 2.886130 	 2.225822 	 0.000000 	 0.000000 	 0.000000 	 -0.000418 	 0.000000 
-0.154968 	 2.985239 	 3.486030 	 0.000000 	 0.000000 	 0.000000 	 -0.000393 	 0.000000 
-3.490812 	 -5.909239 	 1.784765 	 0.000000 	 0.000000 	 0.000000 	 -0.000938 	 0.000000 
-2.644291 	 3.841359 	 1.260104 	 0.000000 	 0.000000 	 0.000000 	 -0.000395 	 0.000000 
4.361576 	 1.003046 	 3.481365 	 0.000000 	 0.000000 	 0.000000 	 -0.000403 	 0.000000 
-5.618831 	 2.290109 	 3.623199 	 0.000000 	 0.000000 	 0.000000 	 -0.000381 	 0.000000 
-5.001549 	 0.621152 	 2.412785 	 0.000000 	 0.000000 	 0.000000 	 -0.000466 	 0.000000 
7.185357 	 1.285161 	 -1.221243 	 0.000000 	 0.000000 	 0.000000 	 -0.000386 	 0.000000 
-3.954939 	 -3.371560 	 4.669292 	 0.000000 	 0.000000 	 0.000000 	 -0.000544 	 0.000000 
-3.073177 	 -2.433281 	 4.100862 	 0.000000 	 0.000000 	 0.000000 	 -0.000562 	 0.000000 
0.276840 	 3.554814 	 0.613645 	 0.000000 	 0.000000 	 0.000000 	 -0.000413 	 0.000000 
-4.925527 	 0.295657 	 4.704168 	 0.000000 	 0.000000 	 0.000000 	 -0.000420 	 0.000000 
1.796447 	 1.387171 	 0.949660 	 0.000000 	 0.000000 	 0.000000 	 -0.000483 	 0.000000 
-3.956046 	 1.956780 	 2.315537 	 0.000000 	 0.000000 	 0.000000 	 -0.000435 	 0.000000 
-2.197699 	 3.676912 	 -1.716516 	 0.000000 	 0.000000 	 0.000000 	 -0.000423 	 0.000000 
-2.439554 	 -1.955735 	 0.503445 	 0.000000 	 0.000000 	 0.000000 	 -0.000777 	 0.000000 
-3.708308 	 0.484110 	 -3.451723 	 0.000000 	 0.000000 	 0.000000 	 -0.000569 	 0.000000 
-0.220319 	 -0.334507 	 3.448275 	 0.000000 	 0.000000 	 0.000000 	 -0.000516 	 0.000000 
2.103368 	 0.707264 	 -7.153097 	 0.000000 	 0.000000 	 0.000000 	 -0.000469 	 0.000000 
5.260135 	 2.209665 	 2.675753 	 0.000000 	 0.000000 	 0.000000 	 -0.000371 	 0.000000 
-1.086201 	 0.668932 	 5.777880 	 0.000000 	 0.000000 	 0.000000 	 -0.000408 	 0.000000 
-1.790806 	 -5.483880 	 2.328365 	 0.000000 	 0.000000 	 0.000000 	 -0.000931 	 0.000000 
-5.722286 	 -2.962183 	 0.547401 	 0.000000 	 0.000000 	 0.000000 	 -0.000673 	 0.000000 
-2.013385 	 2.097252 	 3.817761 	 0.000000 	 0.000000 	 0.000000 	 -0.000414 	 0.000000 
-4.280526 	 2.627106 	 0.712166 	 0.000000 	 0.000000 	 0.000000 	 -0.000430 	 0.000000 
2.142503 	 -3.777365 	 -2.276322 	 0.000000 	 0.000000 	 0.000000 	 -0.001007 	 0.000000 
-1.818450 	 0.076372 	 -3.182947 	 0.000000 	 0.000000 	 0.000000 	 -0.000638 	 0.000000 
0.706206 	 6.586937 	 1.602113 	 0.000000 	 0.000000 	 0.000000 	 -0.000319 	 0.000000 
-0.171057 	 3.067647 	 2.342966 	 0.000000 	 0.000000 	 0.000000 	 -0.000409 	 0.000000 
-2.714213 	 1.846723 	 2.573099 	 0.000000 	 0.000000 	 0.000000 	 -0.000445 	 0.000000 
-2.040242 	 0.763178 	 0.900145 	 0.000000 	 0.000000 	 0.000000 	 -0.000541 	 0.000000 
-7.165484 	 -1.980505 	 0.119820 	 0.000000 	 0.000000 	 0.000000 	 -0.000551 	 0.000000 
-4.583402 	 1.854441 	 5.249439 	 0.000000 	 0.000000 	 0.000000 	 -0.000374 	 0.000000 
-2.501694 	 -4.291356 	 5.536668 	 0.000000 	 0.000000 	 0.000000 	 -0.000540 	 0.000000 
2.263575 	 3.164091 	 -5.481157 	 0.000000 	 0.000000 	 0.000000 	 -0.000406 	 0.000000 
2.164410 	 2.337654 	 4.131104 	 0.000000 	 0.000000 	 0.000000 	 -0.000385 	 0.000000 
4.083793 	 1.939844 	 0.746198 	 0.000000 	 0.000000 	 0.000000 	 -0.000422 	 0.000000 
-2.294166 	 -6.162938 	 -2.751642 	 0.000000 	 0.000000 	 0.000000 	 -0.003017 	 0.000000 
4.030164 	 -3.845388 	 3.111839 	 0.000000 	 0.000000 	 0.000000 	 -0.000562 	 0.000000 
3.218866 	 -3.547580 	 4.578393 	 0.000000 	 0.000000 	 0.000000 	 -0.000515 	 0.000000 
5.642629 	 3.977730 	 1.764283 	 0.000000 	 0.000000 	 0.000000 	 -0.000336 	 0.000000 
3.228873 	 -1.512914 	 -0.395454 	 0.000000 	 0.000000 	 0.000000 	 -0.000632 	 0.000000 
2.626461 	 -0.989909 	 2.764143 	 0.000000 	 0.000000 	 0.000000 	 -0.000525 	 0.000000 
3.190032 	 -4.906207 	 2.304246 	 0.000000 	 0.000000 	 0.000000 	 -0.000687 	 0.000000 
6.602139 	 -0.763792 	 -2.108943 	 0.000000 	 0.000000 	 0.000000 	 -0.000458 	 0.000000 
1.790817 	 6.956146 	 -1.129670 	 0.000000 	 0.000000 	 0.000000 	 -0.000317 	 0.000000 
5.364491 	 0.725995 	 -3.044383 	 0.000000 	 0.000000 	 0.000000 	 -0.000450 	 0.000000 
-3.820197 	 -3.942381 	 3.593798 	 0.000000 	 0.000000 	 0.000000 	 -0.000635 	 0.000000 
1.165103 	 -4.505809 	 -5.706097 	 0.000000 	 0.000000 	 0.000000 	 -0.000945 	 0.000000 
0.615986 	 -4.151674 	 4.286133 	 0.000000 	 0.000000 	 0.000000 	 -0.000618 	 0.000000 
0.691289 	 -4.539043 	 -2.179250 	 0.000000 	 0.000000 	 0.000000 	 -0.001539 	 0.000000 
1.757553 	 5.180013 	 -2.430091 	 0.000000 	 0.000000 	 0.000000 	 -0.000363 	 0.000000 
-2.469297 	 5.808233 	 -1.223956 	 0.000000 	 0.000000 	 0.000000 	 -0.000351 	 0.000000 
-1.618150 	 0.948147 	 2.030630 	 0.000000 	 0.000000 	 0.000000 	 -0.000504 	 0.000000 
4.755397 	 1.343126 	 3.048805 	 0.000000 	 0.000000 	 0.000000 	 -0.000395 	 0.000000 
-7.524435 	 0.458827 	 0.503244 	 0.000000 	 0.000000 	 0.000000 	 -0.000443 	 0.000000 
-2.008739 	 0.563130 	 5.170476 	 0.000000 	 0.000000 	 0.000000 	 -0.000426 	 0.000000 
-1.937092 	 0.456878 	 -4.922116 	 0.000000 	 0.000000 	 0.000000 	 -0.000573 	 0.000000 
2.089241 	 -2.274158 	 6.072959 	 0.000000 	 0.000000 	 0.000000 	 -0.000449 	 0.000000 
0.341652 	 5.807664 	 -4.397565 	 0.000000 	 0.000000 	 0.000000 	 -0.000347 	 0.000000 
-1.827709 	 -5.140203 	 -4.809072 	 0.000000 	 0.000000 	 0.000000 	 -0.001413 	 0.000000 
1.385708 	 3.296901 	 -6.533492 	 0.000000 	 0.000000 	 0.000000 	 -0.000397 	 0.000000 
-1.475288 	 3.702026 	 -3.133318 	 0.000000 	 0.000000 	 0.000000 	 -0.000423 	 0.000000 
6.270246 	 -0.056740 	 -3.651314 	 0.000000 	 0.000000 	 0.000000 	 -0.000444 	 0.000000 
-6.117212 	 3.000497 	 -0.577808 	 0.000000 	 0.000000 	 0.000000 	 -0.000401 	 0.000000 
-4.908217 	 -0.009949 	 -2.134334 	 0.000000 	 0.000000 	 0.000000 	 -0.000572 	 0.000000 
4.132941 	 0.234024 	 3.597540 	 0.000000 	 0.000000 	 0.000000 	 -0.000425 	 0.000000 
4.143292 	 -4.045425 	 -2.939140 	 0.000000 	 0.000000 	 0.000000 	 -0.000752 	 0.000000 
0.330633 	 -3.652101 	 -2.501999 	 0.000000 	 0.000000 	 0.000000 	 -0.001279 	 0.000000 
-2.996155 	 3.048523 	 1.392652 	 0.000000 	 0.000000 	 0.000000 	 -0.000419 	 0.000000 
-2.657742 	 1.271761 	 -0.371236 	 0.000000 	 0.000000 	 0.000000 	 -0.000529 	 0.000000 
3.336037 	 -3.549927 	 1.715750 	 0.000000 	 0.000000 	 0.000000 	 -0.000661 	 0.000000 
2.988298 	 2.475183 	 6.424589 	 0.000000 	 0.000000 	 0.000000 	 -0.000336 	 0.000000 
-4.705701 	 2.985677 	 -3.898543 	 0.000000 	 0.000000 	 0.000000 	 -0.000423 	 0.000000 
-1.275190 	 5.852508 	 -2.724513 	 0.000000 	 0.000000 	 0.000000 	 -0.000353 	 0.000000 
-6.540136 	 -2.027787 	 1.213776 	 0.000000 	 0.000000 	 0.000000 	 -0.000557 	 0.000000 
2.543649 	 1.176481 	 6.295573 	 0.000000 	 0.000000 	 0.000000 	 -0.000366 	 0.000000 
1.096178 	 0.620576 	 3.410570 	 0.000000 	 0.000000 	 0.000000 	 -0.000467 	 0.000000 
4.641371 	 2.971805 	 -0.665881 	 0.000000 	 0.000000 	 0.000000 	 -0.000391 	 0.000000 
-0.594995 	 -2.382857 	 4.443231 	 0.000000 	 0.000000 	 0.000000 	 -0.000557 	 0.000000 
1.661239 	 -0.633815 	 -1.523347 	 0.000000 	 0.000000 	 0.000000 	 -0.000657 	 0.000000 
-2.374996 	 2.015895 	 6.100748 	 0.000000 	 0.000000 	 0.000000 	 -0.000367 	 0.000000 
-6.595784 	 1.632732 	 -2.350446 	 0.000000 	 0.000000 	 0.000000 	 -0.000443 	 0.000000 
-3.658919 	 -2.191358 	 5.316567 	 0.000000 	 0.000000 	 0.000000 	 -0.000485 	 0.000000 
3.598502 	 -1.987807 	 5.130243 	 0.000000 	 0.000000 	 0.000000 	 -0.000449 	 0.000000 
-2.233024 	 2.774800 	 -6.131089 	 0.000000 	 0.000000 	 0.000000 	 -0.000430 	 0.000000 
-4.877866 	 -4.930514 	 -0.599074 	 0.000000 	 0.000000 	 0.000000 	 -0.000984 	 0.000000 
-1.598750 	 5.785765 	 1.521233 	 0.000000 	 0.000000 	 0.000000 	 -0.000340 	 0.000000 
1.294498 	 -4.163870 	 1.879377 	 0.000000 	 0.000000 	 0.000000 	 -0.000821 	 0.000000 
1.808627 	 5.957760 	 0.983366 	 0.000000 	 0.000000 	 0.000000 	 -0.000332 	 0.000000 
1.117025 	 -0.803438 	 5.654789 	 0.000000 	 0.000000 	 0.000000 	 -0.000441 	 0.000000 
-0.999161 	 0.709505 	 -5.864980 	 0.000000 	 0.000000 	 0.000000 	 -0.000535 	 0.000000 
-2.481706 	 -0.735478 	 -5.390500 	 0.000000 	 0.000000 	 0.000000 	 -0.000639 	 0.000000 
-0.587800 	 -4.576000 	 -2.879337 	 0.000000 	 0.000000 	 0.000000 	 -0.001856 	 0.000000 
2.084781 	 -0.508612 	 -3.473130 	 0.000000 	 0.000000 	 0.000000 	 -0.000624 	 0.000000 
1.902459 	 3.669699 	 1.589071 	 0.000000 	 0.000000 	 0.000000 	 -0.000387 	 0.000000 
-0.025278 	 -4.189431 	 -6.328541 	 0.000000 	 0.000000 	 0.000000 	 -0.000899 	 0.000000 
-2.322485 	 5.087062 	 2.550796 	 0.000000 	 0.000000 	 0.000000 	 -0.000347 	 0.000000 
1.786337 	 -1.340224 	 3.364238 	 0.000000 	 0.000000 	 0.000000 	 -0.000536 	 0.000000 
-1.676142 	 -4.962453 	 4.576409 	 0.000000 	 0.000000 	 0.000000 	 -0.000632 	 0.000000 
5.289901 	 -0.237614 	 4.655084 	 0.000000 	 0.000000 	 0.000000 	 -0.000391 	 0.000000 
-2.257649 	 -3.948507 	 1.591367 	 0.000000 	 0.000000 	 0.000000 	 -0.000906 	 0.000000 
3.516596 	 4.192408 	 0.916752 	 0.000000 	 0.000000 	 0.000000 	 -0.000363 	 0.000000 
0.146488 	 0.290842 	 6.450786 	 0.000000 	 0.000000 	 0.000000 	 -0.000397 	 0.000000 
0.047911 	 -1.168906 	 6.417713 	 0.000000 	 0.000000 	 0.000000 	 -0.000431 	 0.000000 
3.383146 	 2.448293 	 -6.000634 	 0.000000 	 0.000000 	 0.000000 	 -0.000409 	 0.000000 
-4.335576 	 -1.621392 	 0.578286 	 0.000000 	 0.000000 	 0.000000 	 -0.000662 	 0.000000 
-4.656831 	 -1.721873 	 4.049459 	 0.000000 	 0.000000 	 0.000000 	 -0.000506 	 0.000000 
-0.609582 	 -6.754220 	 -3.080820 	 0.000000 	 0.000000 	 0.000000 	 -0.004643 	 0.000000 
-3.026832 	 0.505485 	 -2.881839 	 0.000000 	 0.000000 	 0.000000 	 -0.000588 	 0.000000 
-0.563350 	 -5.711679 	 4.978585 	 0.000000 	 0.000000 	 0.000000 	 -0.000613 	 0.000000 
3.535542 	 1.052430 	 -5.824610 	 0.000000 	 0.000000 	 0.000000 	 -0.000457 	 0.000000 
-1.649520 	 -0.409730 	 2.692436 	 0.000000 	 0.000000 	 0.000000 	 -0.000552 	 0.000000 
0.210839 	 2.682102 	 4.430227 	 0.000000 	 0.000000 	 0.000000 	 -0.000383 	 0.000000 
-0.021273 	 -0.159752 	 4.857872 	 0.000000 	 0.000000 	 0.000000 	 -0.000457 	 0.000000 
-4.061577 	 0.405364 	 -4.571797 	 0.000000 	 0.000000 	 0.000000 	 -0.000548 	 0.000000 
3.678762 	 -0.037217 	 3.663941 	 0.000000 	 0.000000 	 0.000000 	 -0.000440 	 0.000000 
-4.566084 	 2.456850 	 1.016689 	 0.000000 	 0.000000 	 0.000000 	 -0.000429 	 0.000000 
-7.040903 	 1.920358 	 -0.440375 	 0.000000 	 0.000000 	 0.000000 	 -0.000417 	 0.000000 
-2.660246 	 -0.902149 	 0.790128 	 0.000000 	 0.000000 	 0.000000 	 -0.000654 	 0.000000 
-4.736511 	 0.923633 	 -3.412016 	 0.000000 	 0.000000 	 0.000000 	 -0.000518 	 0.000000 
5.493556 	 3.499159 	 3.294188 	 0.000000 	 0.000000 	 0.000000 	 -0.000334 	 0.000000 
1.903204 	 3.855974 	 2.677533 	 0.000000 	 0.000000 	 0.000000 	 -0.000369 	 0.000000 
-0.306019 	 0.409225 	 1.244416 	 0.000000 	 0.000000 	 0.000000 	 -0.000555 	 0.000000 
-0.019015 	 6.475526 	 -3.444741 	 0.000000 	 0.000000 	 0.000000 	 -0.000334 	 0.000000 
2.661008 	 1.703925 	 4.194964 	 0.000000 	 0.000000 	 0.000000 	 -0.000396 	 0.000000 
1.833968 	 -5.046468 	 2.673757 	 0.000000 	 0.000000 	 0.000000 	 -0.000749 	 0.000000 
-0.416994 	 6.078513 	 -0.242391 	 0.000000 	 0.000000 	 0.000000 	 -0.000343 	 0.000000 
2.894905 	 -0.801458 	 0.873586 	 0.000000 	 0.000000 	 0.000000 	 -0.000569 	 0.000000 
-3.472883 	 -2.919719 	 -0.625416 	 0.000000 	 0.000000 	 0.000000 	 -0.000920 	 0.000000 
7.298470 	 0.884119 	 -0.952348 	 0.000000 	 0.000000 	 0.000000 	 -0.000391 	 0.000000 
-4.157028 	 -2.112267 	 -1.460392 	 0.000000 	 0.000000 	 0.000000 	 -0.000787 	 0.000000 
-0.505744 	 1.523396 	 2.052098 	 0.000000 	 0.000000 	 0.000000 	 -0.000476 	 0.000000 
1.805278 	 -2.620129 	 -6.103099 	 0.000000 	 0.000000 	 0.000000 	 -0.000700 	 0.000000 
2.559617 	 0.293193 	 -2.402929 	 0.000000 	 0.000000 	 0.000000 	 -0.000560 	 0.000000 
-4.363740 	 5.033834 	 0.793161 	 0.000000 	 0.000000 	 0.000000 	 -0.000353 	 0.000000 
-2.899924 	 6.554052 	 0.254759 	 0.000000 	 0.000000 	 0.000000 	 -0.000326 	 0.000000 
1.145751 	 -4.331609 	 4.234601 	 0.000000 	 0.000000 	 0.000000 	 -0.000615 	 0.000000 
-6.393148 	 -2.605307 	 -1.348874 	 0.000000 	 0.000000 	 0.000000 	 -0.000654 	 0.000000 
2.876111 	 -1.650576 	 1.170688 	 0.000000 	 0.000000 	 0.000000 	 -0.000609 	 0.000000 
0.955586 	 -1.711478 	 -0.410314 	 0.000000 	 0.000000 	 0.000000 	 -0.000770 	 0.000000 
0.695438 	 4.202493 	 2.100599 	 0.000000 	 0.000000 	 0.000000 	 -0.000374 	 0.000000 
-0.810661 	 -1.021696 	 -7.480011 	 0.000000 	 0.000000 	 0.000000 	 -0.000572 	 0.000000 
2.467149 	 1.705881 	 -5.494830 	 0.000000 	 0.000000 	 0.000000 	 -0.000457 	 0.000000 
-2.376979 	 -4.150157 	 -3.847150 	 0.000000 	 0.000000 	 0.000000 	 -0.001319 	 0.000000 
0.103048 	 0.219332 	 3.005275 	 0.000000 	 0.000000 	 0.000000 	 -0.000505 	 0.000000 
5.830286 	 -1.958616 	 1.249051 	 0.000000 	 0.000000 	 0.000000 	 -0.000490 	 0.000000 
2.646338 	 -1.310509 	 -4.366149 	 0.000000 	 0.000000 	 0.000000 	 -0.000640 	 0.000000 
5.277097 	 3.419143 	 -3.761478 	 0.000000 	 0.000000 	 0.000000 	 -0.000369 	 0.000000 
-2.116956 	 -3.880627 	 1.687047 	 0.000000 	 0.000000 	 0.000000 	 -0.000891 	 0.000000 
1.984230 	 -6.023191 	 0.771675 	 0.000000 	 0.000000 	 0.000000 	 -0.001026 	 0.000000 
-5.948167 	 -4.404047 	 0.495108 	 0.000000 	 0.000000 	 0.000000 	 -0.000736 	 0.000000 
5.723737 	 -4.239138 	 1.040073 	 0.000000 	 0.000000 	 0.000000 	 -0.000562 	 0.000000 
4.970062 	 0.681813 	 -0.433197 	 0.000000 	 0.000000 	 0.000000 	 -0.000457 	 0.000000 
-2.426809 	 -1.157436 	 -1.868022 	 0.000000 	 0.000000 	 0.000000 	 -0.000765 	 0.000000 
1.556277 	 5.173285 	 3.384022 	 0.000000 	 0.000000 	 0.000000 	 -0.000332 	 0.000000 
3.229474 	 -4.373409 	 4.082807 	 0.000000 	 0.000000 	 0.000000 	 -0.000558 	 0.000000 
-4.232827 	 -2.694681 	 -1.984618 	 0.000000 	 0.000000 	 0.000000 	 -0.000859 	 0.000000 
-0.029411 	 -1.338932 	 1.203347 	 0.000000 	 0.000000 	 0.000000 	 -0.000681 	 0.000000 
-5.062283 	 1.346963 	 -2.092054 	 0.000000 	 0.000000 	 0.000000 	 -0.000492 	 0.000000 
1.792617 	 5.028554 	 2.283816 	 0.000000 	 0.000000 	 0.000000 	 -0.000344 	 0.000000 
1.459182 	 -2.159260 	 -4.733014 	 0.000000 	 0.000000 	 0.000000 	 -0.000762 	 0.000000 
6.634161 	 -3.773374 	 0.376681 	 0.000000 	 0.000000 	 0.000000 	 -0.000515 	 0.000000 
-4.765075 	 -0.615530 	 5.077392 	 0.000000 	 0.000000 	 0.000000 	 -0.000436 	 0.000000 
-4.906362 	 -0.133797 	 -3.375911 	 0.000000 	 0.000000 	 0.000000 	 -0.000574 	 0.000000 
0.341751 	 0.048888 	 -3.259886 	 0.000000 	 0.000000 	 0.000000 	 -0.000630 	 0.000000 
-5.645712 	 -2.158790 	 0.115556 	 0.000000 	 0.000000 	 0.000000 	 -0.000645 	 0.000000 
-4.320883 	 -2.636416 	 -5.353573 	 0.000000 	 0.000000 	 0.000000 	 -0.000728 	 0.000000 
3.462020 	 1.553248 	 5.759120 	 0.000000 	 0.000000 	 0.000000 	 -0.000360 	 0.000000 
4.163649 	 0.381496 	 5.362741 	 0.000000 	 0.000000 	 0.000000 	 -0.000383 	 0.000000 
-5.516196 	 -0.304562 	 4.878831 	 0.000000 	 0.000000 	 0.000000 	 -0.000422 	 0.000000 
1.409453 	 6.714464 	 0.631505 	 0.000000 	 0.000000 	 0.000000 	 -0.000319 	 0.000000 
-4.470601 	 -1.153656 	 3.884850 	 0.000000 	 0.000000 	 0.000000 	 -0.000497 	 0.000000 
-1.541956 	 0.278270 	 -4.976188 	 0.000000 	 0.000000 	 0.000000 	 -0.000587 	 0.000000 
-1.514804 	 -5.075994 	 -1.146232 	 0.000000 	 0.000000 	 0.000000 	 -0.002102 	 0.000000 
1.438724 	 -4.535887 	 0.176015 	 0.000000 	 0.000000 	 0.000000 	 -0.001071 	 0.000000 
0.996902 	 4.082721 	 -4.576208 	 0.000000 	 0.000000 	 0.000000 	 -0.000395 	 0.000000 
0.049882 	 -6.115394 	 3.555790 	 0.000000 	 0.000000 	 0.000000 	 -0.000754 	 0.000000 
-0.705992 	 -4.991860 	 -1.868490 	 0.000000 	 0.000000 	 0.000000 	 -0.002316 	 0.000000 
-0.485794 	 3.780805 	 4.650757 	 0.000000 	 0.000000 	 0.000000 	 -0.000354 	 0.000000 
-3.945878 	 6.032605 	 -1.028279 	 0.000000 	 0.000000 	 0.000000 	 -0.000339 	 0.000000 
-4.457384 	 1.226942 	 -0.541557 	 0.000000 	 0.000000 	 0.000000 	 -0.000503 	 0.000000 
5.363427 	 -2.813212 	 -4.216168 	 0.000000 	 0.000000 	 0.000000 	 -0.000571 	 0.000000 
6.908087 	 -2.700419 	 0.939779 	 0.000000 	 0.000000 	 0.000000 	 -0.000470 	 0.000000 
5.188212 	 -2.352515 	 -3.595414 	 0.000000 	 0.000000 	 0.000000 	 -0.000573 	 0.000000 
-7.034207 	 1.871785 	 0.726183 	 0.000000 	 0.000000 	 0.000000 	 -0.000409 	 0.000000 
0.146561 	 -1.355868 	 -0.658680 	 0.000000 	 0.000000 	 0.000000 	 -0.000767 	 0.000000 
1.920904 	 0.521138 	 -5.482185 	 0.000000 	 0.000000 	 0.000000 	 -0.000522 	 0.000000 
-4.925027 	 -0.393856 	 1.478751 	 0.000000 	 0.000000 	 0.000000 	 -0.000535 	 0.000000 
-0.014541 	 0.731719 	 1.455721 	 0.000000 	 0.000000 	 0.000000 	 -0.000528 	 0.000000 
1.192665 	 6.725524 	 -0.707716 	 0.000000 	 0.000000 	 0.000000 	 -0.000324 	 0.000000 
-0.523329 	 0.973237 	 3.643278 	 0.000000 	 0.000000 	 0.000000 	 -0.000458 	 0.000000 
3.374750 	 4.621064 	 3.559878 	 0.000000 	 0.000000 	 0.000000 	 -0.000330 	 0.000000 
4.756983 	 -3.237438 	 1.144474 	 0.000000 	 0.000000 	 0.000000 	 -0.000586 	 0.000000 
-3.146928 	 -0.290995 	 -0.488964 	 0.000000 	 0.000000 	 0.000000 	 -0.000632 	 0.000000 
3.833373 	 -3.615638 	 -4.149289 	 0.000000 	 0.000000 	 0.000000 	 -0.000726 	 0.000000 
-2.776435 	 -2.670676 	 -5.324284 	 0.000000 	 0.000000 	 0.000000 	 -0.000821 	 0.000000 
7.014883 	 0.295901 	 -1.791341 	 0.000000 	 0.000000 	 0.000000 	 -0.000415 	 0.000000 
2.727843 	 -2.310314 	 -3.139005 	 0.000000 	 0.000000 	 0.000000 	 -0.000749 	 0.000000 
7.104047 	 1.077173 	 1.057273 	 0.000000 	 0.000000 	 0.000000 	 -0.000378 	 0.000000 
-2.277777 	 2.119353 	 6.020655 	 0.000000 	 0.000000 	 0.000000 	 -0.000366 	 0.000000 
3.061954 	 -6.119449 	 2.905260 	 0.000000 	 0.000000 	 0.000000 	 -0.000675 	 0.000000 
5.076976 	 1.211693 	 1.485284 	 0.000000 	 0.000000 	 0.000000 	 -0.000415 	 0.000000 
-2.538936 	 -0.317042 	 6.981507 	 0.000000 	 0.000000 	 0.000000 	 -0.000394 	 0.000000 
-5.056441 	 1.743733 	 -0.577550 	 0.000000 	 0.000000 	 0.000000 	 -0.000467 	 0.000000 
5.359488 	 0.664520 	 -2.931692 	 0.000000 	 0.000000 	 0.000000 	 -0.000452 	 0.000000 
0.115467 	 3.864992 	 -0.334426 	 0.000000 	 0.000000 	 0.000000 	 -0.000410 	 0.000000 
-4.163441 	 1.264871 	 -5.469895 	 0.000000 	 0.000000 	 0.000000 	 -0.000484 	 0.000000 
-1.588293 	 3.671445 	 -5.515127 	 0.000000 	 0.000000 	 0.000000 	 -0.000407 	 0.000000 
5.369474 	 -5.020960 	 0.056071 	 0.000000 	 0.000000 	 0.000000 	 -0.000633 	 0.000000 
-2.645337 	 2.532795 	 -1.368846 	 0.000000 	 0.000000 	 0.000000 	 -0.000470 	 0.000000 
-2.157997 	 -1.979079 	 -4.091017 	 0.000000 	 0.000000 	 0.000000 	 -0.000843 	 0.000000 
-1.111381 	 0.734746 	 -5.853884 	 0.000000 	 0.000000 	 0.000000 	 -0.000534 	 0.000000 
-3.317872 	 2.799080 	 -1.925193 	 0.000000 	 0.000000 	 0.000000 	 -0.000453 	 0.000000 
-3.461682 	 2.313714 	 4.479565 	 0.000000 	 0.000000 	 0.000000 	 -0.000387 	 0.000000 
4.927114 	 -3.292921 	 -2.870311 	 0.000000 	 0.000000 	 0.000000 	 -0.000640 	 0.000000 
2.130908 	 -2.029668 	 4.351596 	 0.000000 	 0.000000 	 0.000000 	 -0.000511 	 0.000000 
-3.544099 	 -6.164629 	 0.993132 	 0.000000 	 0.000000 	 0.000000 	 -0.001088 	 0.000000 
-3.992050 	 -5.428041 	 2.579943 	 0.000000 	 0.000000 	 0.000000 	 -0.000773 	 0.000000 
-0.518068 	 -1.163850 	 -2.996415 	 0.000000 	 0.000000 	 0.000000 	 -0.000778 	 0.000000 
2.103821 	 0.015691 	 4.359768 	 0.000000 	 0.000000 	 0.000000 	 -0.000447 	 0.000000 
-5.395302 	 0.984195 	 -3.578857 	 0.000000 	 0.000000 	 0.000000 	 -0.000496 	 0.000000 
-5.796917 	 -1.315935 	 3.543545 	 0.000000 	 0.000000 	 0.000000 	 -0.000483 	 0.000000 
-4.712687 	 -3.059106 	 1.888978 	 0.000000 	 0.000000 	 0.000000 	 -0.000672 	 0.000000 
2.632778 	 -2.174504 	 -5.879326 	 0.000000 	 0.000000 	 0.000000 	 -0.000642 	 0.000000 
-5.009845 	 1.303042 	 4.212977 	 0.000000 	 0.000000 	 0.000000 	 -0.000404 	 0.000000 
1.056986 	 -0.941951 	 5.993255 	 0.000000 	 0.000000 	 0.000000 	 -0.000433 	 0.000000 
-0.109539 	 3.878852 	 -6.536451 	 0.000000 	 0.000000 	 0.000000 	 -0.000387 	 0.000000 
-1.928157 	 -2.376177 	 -2.781617 	 0.000000 	 0.000000 	 0.000000 	 -0.000978 	 0.000000 
0.234897 	 -4.963474 	 -5.172864 	 0.000000 	 0.000000 	 0.000000 	 -0.001204 	 0.000000 
3.420353 	 2.729039 	 4.501814 	 0.000000 	 0.000000 	 0.000000 	 -0.000358 	 0.000000 
2.178747 	 2.721684 	 1.686200 	 0.000000 	 0.000000 	 0.000000 	 -0.000414 	 0.000000 
-5.214780 	 -3.224483 	 -4.544952 	 0.000000 	 0.000000 	 0.000000 	 -0.000753 	 0.000000 
3.087057 	 -3.393270 	 -3.442579 	 0.000000 	 0.000000 	 0.000000 	 -0.000809 	 0.000000 
3.566506 	 -5.250531 	 3.943703 	 0.000000 	 0.000000 	 0.000000 	 -0.000568 	 0.000000 
-0.301036 	 0.789978 	 3.287237 	 0.000000 	 0.000000 	 0.000000 	 -0.000474 	 0.000000 
-1.409566 	 3.929306 	 -1.210112 	 0.000000 	 0.000000 	 0.000000 	 -0.000414 	 0.000000 
-2.740548 	 -5.117478 	 2.398363 	 0.000000 	 0.000000 	 0.000000 	 -0.000859 	 0.000000 
-2.897634 	 4.778822 	 -0.198861 	 0.000000 	 0.000000 	 0.000000 	 -0.000376 	 0.000000 
1.202356 	 -3.680017 	 1.206803 	 0.000000 	 0.000000 	 0.000000 	 -0.000861 	 0.000000 
-5.174319 	 0.622135 	 1.948951 	 0.000000 	 0.000000 	 0.000000 	 -0.000473 	 0.000000 
-0.451192 	 4.365938 	 0.727906 	 0.000000 	 0.000000 	 0.000000 	 -0.000386 	 0.000000 
0.779856 	 -0.798856 	 -6.740057 	 0.000000 	 0.000000 	 0.000000 	 -0.000578 	 0.000000 
-5.027247 	 -4.949796 	 -1.214896 	 0.000000 	 0.000000 	 0.000000 	 -0.000997 	 0.000000 
2.140440 	 -0.701386 	 -3.337476 	 0.000000 	 0.000000 	 0.000000 	 -0.000638 	 0.000000 
-1.617129 	 -1.954531 	 -1.787818 	 0.000000 	 0.000000 	 0.000000 	 -0.000907 	 0.000000 
-1.499798 	 1.474672 	 -5.639683 	 0.000000 	 0.000000 	 0.000000 	 -0.000498 	 0.000000 
5.765088 	 -3.724168 	 -2.511165 	 0.000000 	 0.000000 	 0.000000 	 -0.000596 	 0.000000 
1.388076 	 0.664066 	 -1.850925 	 0.000000 	 0.000000 	 0.000000 	 -0.000567 	 0.000000 
4.731947 	 -0.202844 	 1.931153 	 0.000000 	 0.000000 	 0.000000 	 -0.000460 	 0.000000 
3.540491 	 1.104421 	 -2.361631 	 0.000000 	 0.000000 	 0.000000 	 -0.000488 	 0.000000 
2.337839 	 4.825459 	 2.344467 	 0.000000 	 0.000000 	 0.000000 	 -0.000345 	 0.000000 
-1.456779 	 -1.381305 	 -6.631893 	 0.000000 	 0.000000 	 0.000000 	 -0.000639 	 0.000000 
-3.508863 	 2.937102 	 -5.671835 	 0.000000 	 0.000000 	 0.000000 	 -0.000421 	 0.000000 
4.402841 	 -0.221288 	 -3.455914 	 0.000000 	 0.000000 	 0.000000 	 -0.000517 	 0.000000 
3.227979 	 -3.578270 	 3.799542 	 0.000000 	 0.000000 	 0.000000 	 -0.000553 	 0.000000 
3.263803 	 2.795234 	 -1.580526 	 0.000000 	 0.000000 	 0.000000 	 -0.000423 	 0.000000 
-1.080009 	 -6.856803 	 -2.242126 	 0.000000 	 0.000000 	 0.000000 	 -inf 	 0.000000 
