5.713020 	 1.036089 	 -60.801064 	 0.034863 	 0.006573 	 -0.363769 	 -0.030639 	 0.066793 
65.182988 	 126.140877 	 -38.675467 	 0.467079 	 0.902764 	 -0.276578 	 -0.020682 	 0.554820 
129.126957 	 84.377157 	 -3.692528 	 0.920613 	 0.601487 	 -0.026226 	 -0.019992 	 0.605002 
841.665770 	 -258.578415 	 560.797345 	 6.183953 	 -1.899135 	 4.119861 	 -0.004887 	 29.410625 
74.901737 	 -33.233129 	 11.260900 	 0.515246 	 -0.227837 	 0.077421 	 -0.028195 	 0.161691 
6.942220 	 2.349059 	 4.482226 	 0.124141 	 0.042429 	 0.079059 	 -0.071132 	 0.011731 
-0.377538 	 138.624049 	 -60.593149 	 -0.001968 	 1.031720 	 -0.450686 	 -0.020004 	 0.633784 
279.752468 	 53.494090 	 -455.677091 	 2.049817 	 0.392263 	 -3.337434 	 -0.008247 	 7.747044 
-122.612740 	 292.310148 	 252.610336 	 -0.896576 	 2.139875 	 1.848936 	 -0.010017 	 4.400739 
527.206780 	 249.528703 	 950.755577 	 3.874271 	 1.833770 	 6.985376 	 -0.004573 	 33.584082 
25.859999 	 -2.234612 	 -30.239569 	 0.268769 	 -0.022479 	 -0.312807 	 -0.040650 	 0.085295 
-40.381698 	 158.019133 	 217.626495 	 -0.290453 	 1.140220 	 1.569789 	 -0.013759 	 1.924351 
416.493489 	 54.486261 	 -103.387606 	 3.055801 	 0.400113 	 -0.758267 	 -0.010835 	 5.036490 
98.631766 	 245.279931 	 -167.495346 	 0.707052 	 1.756750 	 -1.199257 	 -0.012587 	 2.512155 
363.310104 	 365.299653 	 591.104640 	 2.666362 	 2.680587 	 4.336896 	 -0.006690 	 16.551852 
-48.621230 	 318.483071 	 260.646109 	 -0.354610 	 2.328664 	 1.905482 	 -0.010265 	 4.589642 
1118.081168 	 59.128990 	 448.166102 	 8.215817 	 0.434902 	 3.292934 	 -0.004342 	 39.266100 
64.665342 	 -75.429231 	 -114.512575 	 0.478081 	 -0.556228 	 -0.845053 	 -0.018603 	 0.626033 
737.793719 	 113.857146 	 109.534835 	 5.408339 	 0.834950 	 0.802893 	 -0.007175 	 15.295953 
348.883361 	 630.265874 	 637.854787 	 2.563509 	 4.629996 	 4.685362 	 -0.005334 	 24.980530 
17.135772 	 -18.845402 	 16.227540 	 0.048162 	 -0.052446 	 0.045341 	 -0.045273 	 0.003563 
110.557258 	 -21.225252 	 -38.372889 	 1.104829 	 -0.211271 	 -0.382971 	 -0.023460 	 0.705974 
-20.733061 	 201.705395 	 -325.393434 	 -0.156580 	 1.532132 	 -2.470807 	 -0.009931 	 4.238416 
-5.419420 	 12.719595 	 0.965897 	 -0.148409 	 0.357480 	 0.027318 	 -0.053149 	 0.075282 
1086.582493 	 76.773827 	 -195.288362 	 7.983296 	 0.564469 	 -1.434586 	 -0.004842 	 33.054837 
49.766753 	 -50.754309 	 11.255990 	 0.701555 	 -0.712979 	 0.158467 	 -0.029100 	 0.512815 
21.199196 	 -38.953766 	 9.635271 	 0.206597 	 -0.377008 	 0.093508 	 -0.034590 	 0.096780 
325.521021 	 273.720119 	 416.067373 	 2.391631 	 2.010805 	 3.055902 	 -0.008458 	 9.550887 
6.030401 	 -1.659350 	 8.477089 	 -0.046944 	 0.012204 	 -0.064860 	 -0.067188 	 0.003280 
53.272284 	 161.891794 	 208.509655 	 0.380995 	 1.155820 	 1.488151 	 -0.014410 	 1.847836 
32.336122 	 0.339312 	 -24.782525 	 0.217877 	 0.002697 	 -0.166328 	 -0.041064 	 0.037571 
3.392084 	 -3.940446 	 15.489867 	 -0.011895 	 0.013161 	 -0.052605 	 -0.058040 	 0.001541 
-74.085689 	 300.831543 	 35.703666 	 -0.536019 	 2.180330 	 0.258794 	 -0.012231 	 2.554065 
70.883574 	 -90.870641 	 6.110715 	 0.491719 	 -0.628934 	 0.042398 	 -0.023027 	 0.319572 
-14.388904 	 169.318278 	 116.336386 	 -0.103273 	 1.225315 	 0.841667 	 -0.017361 	 1.110232 
107.474663 	 301.606203 	 -33.290734 	 0.786251 	 2.204594 	 -0.243209 	 -0.012780 	 2.768789 
90.464796 	 -18.468893 	 54.674450 	 0.630556 	 -0.128137 	 0.380691 	 -0.024896 	 0.279472 
118.568420 	 -123.237164 	 -182.539919 	 0.862681 	 -0.895343 	 -1.326782 	 -0.013451 	 1.653103 
132.448811 	 16.622213 	 242.993935 	 0.966161 	 0.121603 	 1.771111 	 -0.014554 	 2.042545 
-17.188620 	 48.928143 	 52.941454 	 -0.129730 	 0.372199 	 0.402299 	 -0.028445 	 0.158603 
232.458560 	 -145.045003 	 178.573631 	 1.734895 	 -1.081515 	 1.332172 	 -0.012856 	 2.977108 
155.059984 	 -53.289253 	 194.682076 	 1.127206 	 -0.386651 	 1.414287 	 -0.015283 	 1.710150 
14.157365 	 22.973292 	 -4.035882 	 0.035116 	 0.056686 	 -0.009905 	 -0.048327 	 0.002272 
491.256160 	 99.472489 	 110.460854 	 3.607607 	 0.730779 	 0.811078 	 -0.009820 	 7.103357 
43.003206 	 93.438379 	 5.228563 	 0.294394 	 0.638415 	 0.035774 	 -0.025688 	 0.247760 
-84.783905 	 245.602716 	 492.529296 	 -0.621437 	 1.803043 	 3.614969 	 -0.007785 	 8.352574 
36.472021 	 -15.996901 	 56.753802 	 0.305676 	 -0.133137 	 0.474281 	 -0.030607 	 0.168053 
701.093386 	 143.487872 	 -321.496837 	 5.146901 	 1.053668 	 -2.359728 	 -0.006749 	 16.584564 
-12.379880 	 84.095898 	 -50.475209 	 -0.111814 	 0.767111 	 -0.459988 	 -0.025350 	 0.406275 
-0.854354 	 0.792033 	 0.941788 	 -0.036320 	 0.041854 	 0.046671 	 -0.110054 	 0.002625 
358.280450 	 -207.814389 	 185.928305 	 2.614993 	 -1.515849 	 1.356692 	 -0.010128 	 5.488301 
275.526391 	 -162.640836 	 338.829434 	 2.011895 	 -1.186663 	 2.473200 	 -0.009748 	 5.786305 
-2.869124 	 11.070773 	 -37.631689 	 -0.045834 	 0.185140 	 -0.625625 	 -0.037396 	 0.213892 
107.681242 	 26.113990 	 -73.040675 	 0.895450 	 0.217447 	 -0.606661 	 -0.021989 	 0.608576 
625.063920 	 -28.716083 	 -758.816981 	 4.593196 	 -0.210520 	 -5.574974 	 -0.005009 	 26.111049 
3.541143 	 1.371303 	 -4.490800 	 -0.118933 	 -0.046661 	 0.145812 	 -0.075022 	 0.018792 
-0.924258 	 1.225716 	 -0.140993 	 0.096712 	 -0.153544 	 0.015513 	 -0.100297 	 0.016585 
481.049402 	 285.669556 	 968.612523 	 3.535181 	 2.099320 	 7.116639 	 -0.004545 	 33.775602 
283.403976 	 -206.365612 	 -62.135878 	 2.053116 	 -1.493966 	 -0.449884 	 -0.011594 	 3.324808 
71.499414 	 -54.581074 	 -75.388630 	 0.524771 	 -0.399510 	 -0.552364 	 -0.022845 	 0.370050 
212.586855 	 187.778828 	 -259.849395 	 1.557996 	 1.375909 	 -1.903280 	 -0.011053 	 3.971476 
190.910082 	 429.535392 	 -381.647536 	 1.401085 	 3.150944 	 -2.799167 	 -0.007805 	 9.863414 
-34.601339 	 65.719850 	 40.182386 	 -0.245151 	 0.467594 	 0.285703 	 -0.025850 	 0.180185 
87.795507 	 526.033749 	 -180.668905 	 0.641884 	 3.841412 	 -1.319116 	 -0.008193 	 8.454264 
772.936914 	 645.956637 	 174.996280 	 5.678139 	 4.745083 	 1.285447 	 -0.005399 	 28.204725 
-4.349779 	 22.049208 	 11.453405 	 -0.057848 	 0.301906 	 0.156531 	 -0.045504 	 0.059498 
710.374118 	 525.461899 	 -26.440815 	 5.212462 	 3.855488 	 -0.193902 	 -0.006330 	 21.036073 
8.264567 	 17.498445 	 -9.451000 	 0.058472 	 0.122568 	 -0.065889 	 -0.050977 	 0.011392 
330.416918 	 421.768176 	 -304.198779 	 2.416163 	 3.083568 	 -2.223604 	 -0.007957 	 10.145324 
669.249879 	 617.397257 	 -225.892177 	 4.915837 	 4.534657 	 -1.658885 	 -0.005704 	 23.740232 
46.346678 	 94.037743 	 -41.590064 	 0.341330 	 0.691334 	 -0.305474 	 -0.024293 	 0.343882 
70.671620 	 4.925115 	 145.268604 	 0.505327 	 0.035605 	 1.037142 	 -0.019989 	 0.666144 
27.396024 	 91.271366 	 20.206454 	 0.214446 	 0.711989 	 0.157604 	 -0.026646 	 0.288877 
672.286222 	 262.307909 	 -70.186146 	 4.920067 	 1.919811 	 -0.513485 	 -0.007626 	 14.078200 
523.157152 	 -181.323597 	 234.654557 	 3.805067 	 -1.318079 	 1.706418 	 -0.008528 	 9.563864 
1.378724 	 5.750173 	 -11.989352 	 -0.010288 	 -0.040087 	 0.082612 	 -0.056549 	 0.004269 
225.755328 	 113.922519 	 -388.659960 	 1.649499 	 0.832423 	 -2.838275 	 -0.009467 	 5.734792 
401.278886 	 593.158649 	 218.048211 	 2.943348 	 4.350003 	 1.598995 	 -0.006927 	 15.071303 
75.874243 	 -68.075095 	 267.529269 	 0.549787 	 -0.492090 	 1.935723 	 -0.013434 	 2.145721 
292.595974 	 189.470476 	 -38.143040 	 2.141417 	 1.386595 	 -0.278970 	 -0.012252 	 3.293067 
156.691420 	 -82.296908 	 38.287890 	 1.126264 	 -0.590659 	 0.275085 	 -0.018371 	 0.846510 
368.160110 	 36.247599 	 147.411562 	 2.697802 	 0.265990 	 1.079950 	 -0.011653 	 4.257590 
56.310552 	 56.065751 	 -132.537330 	 0.413695 	 0.411528 	 -0.971677 	 -0.019383 	 0.642328 
56.009615 	 -53.073220 	 -85.521685 	 0.393017 	 -0.371227 	 -0.598818 	 -0.022705 	 0.325428 
375.592954 	 -184.603244 	 504.891632 	 2.761268 	 -1.356292 	 3.710805 	 -0.007236 	 11.617101 
21.605594 	 33.673428 	 67.005744 	 0.137369 	 0.213377 	 0.423877 	 -0.030259 	 0.122036 
450.130752 	 12.030801 	 24.277232 	 3.302710 	 0.088708 	 0.178162 	 -0.010582 	 5.473751 
604.516752 	 889.931219 	 -101.719415 	 4.441597 	 6.537873 	 -0.747149 	 -0.004878 	 31.514901 
60.280472 	 472.213843 	 272.927505 	 0.439233 	 3.434795 	 1.985040 	 -0.008817 	 7.965563 
14.509967 	 17.042246 	 -0.735912 	 0.065964 	 0.077159 	 -0.003271 	 -0.052705 	 0.005158 
40.266768 	 29.508459 	 0.461843 	 0.220795 	 0.161692 	 0.002585 	 -0.037788 	 0.037451 
312.697180 	 21.963870 	 259.800956 	 2.291723 	 0.161369 	 1.903444 	 -0.011267 	 4.450566 
30.898592 	 4.451970 	 49.847645 	 0.238983 	 0.034788 	 0.384223 	 -0.034155 	 0.102975 
19.528151 	 4.848074 	 -15.565716 	 0.067654 	 0.016914 	 -0.053579 	 -0.051403 	 0.003867 
238.785401 	 -87.314093 	 -81.550861 	 1.716476 	 -0.626901 	 -0.585862 	 -0.014219 	 1.841264 
578.434100 	 -52.291155 	 -185.623883 	 4.238407 	 -0.382626 	 -1.359792 	 -0.008296 	 9.979765 
372.903484 	 -484.162964 	 131.964120 	 2.738320 	 -3.553791 	 0.968831 	 -0.007102 	 10.533231 
13.246129 	 98.101565 	 42.167756 	 0.090045 	 0.661657 	 0.284298 	 -0.025495 	 0.263362 
78.987519 	 -47.486015 	 50.296555 	 0.565439 	 -0.339002 	 0.359616 	 -0.024575 	 0.281983 
15.426446 	 22.671697 	 7.708724 	 0.041016 	 0.060006 	 0.020376 	 -0.047880 	 0.002849 
2.366853 	 -2.969637 	 -8.614473 	 0.067365 	 -0.078978 	 -0.233719 	 -0.061126 	 0.032700 
424.554622 	 -220.193831 	 18.911376 	 3.107255 	 -1.610683 	 0.138452 	 -0.009610 	 6.134251 
115.017079 	 -13.297782 	 25.355290 	 1.009103 	 -0.116008 	 0.222332 	 -0.023748 	 0.540589 
-8.439323 	 542.569148 	 -259.171549 	 -0.061085 	 3.980915 	 -1.901284 	 -0.007413 	 9.733149 
14.750776 	 2.953025 	 -7.644008 	 -0.026473 	 -0.005370 	 0.013595 	 -0.058004 	 0.000457 
45.125072 	 25.052212 	 -47.528532 	 0.396492 	 0.220118 	 -0.416471 	 -0.031581 	 0.189553 
-9.636240 	 105.852134 	 -198.578893 	 -0.077543 	 0.862408 	 -1.616840 	 -0.015312 	 1.681966 
397.416552 	 262.526004 	 560.569051 	 2.915674 	 1.925950 	 4.111564 	 -0.007115 	 14.557699 
312.428568 	 137.879966 	 -186.722510 	 2.286540 	 1.009180 	 -1.365974 	 -0.011285 	 4.056298 
73.560440 	 -21.804304 	 -22.401247 	 0.594346 	 -0.175399 	 -0.180630 	 -0.029411 	 0.208319 
4.608496 	 -0.810665 	 2.905619 	 0.781122 	 -0.123809 	 0.482504 	 -0.080871 	 0.429146 
1.522470 	 -1.301600 	 -2.306435 	 0.072548 	 -0.054975 	 -0.101830 	 -0.085044 	 0.009327 
116.751391 	 421.764208 	 -66.836489 	 0.857046 	 3.093540 	 -0.490078 	 -0.010007 	 5.272347 
721.352380 	 307.215286 	 -124.220121 	 5.284047 	 2.250516 	 -0.909715 	 -0.007015 	 16.906777 
375.437715 	 -92.152106 	 -241.574194 	 2.733262 	 -0.670231 	 -1.758101 	 -0.009779 	 5.505425 
47.972415 	 -29.979076 	 77.727318 	 0.318946 	 -0.198435 	 0.515631 	 -0.025905 	 0.203489 
201.882320 	 622.057008 	 549.574114 	 1.483376 	 4.568606 	 4.035941 	 -0.005916 	 19.680693 
27.302634 	 279.060429 	 121.989805 	 0.197603 	 2.011828 	 0.879342 	 -0.013127 	 2.429871 
-83.542490 	 159.775581 	 20.746360 	 -0.615047 	 1.178333 	 0.153023 	 -0.016984 	 0.895084 
15.667055 	 -2.167946 	 0.091587 	 -0.040067 	 0.005346 	 -0.000260 	 -0.059104 	 0.000817 
68.817868 	 478.506412 	 265.012810 	 0.504521 	 3.502754 	 1.939769 	 -0.008801 	 8.143267 
0.789670 	 25.193377 	 56.597357 	 0.006186 	 0.173086 	 0.387957 	 -0.031972 	 0.090254 
1.121212 	 -0.497602 	 1.710501 	 -0.167734 	 0.059160 	 -0.233945 	 -0.103032 	 0.043182 
640.966743 	 79.469867 	 985.063511 	 4.710520 	 0.584386 	 7.238120 	 -0.004232 	 37.460444 
148.804790 	 -153.881318 	 -291.985205 	 1.090187 	 -1.126068 	 -2.137465 	 -0.010383 	 3.512647 
19.591758 	 0.861376 	 -14.352391 	 0.243370 	 0.011408 	 -0.177130 	 -0.051899 	 0.045367 
3.456469 	 4.718433 	 -11.032891 	 0.216671 	 0.290199 	 -0.669055 	 -0.059251 	 0.289398 
780.318317 	 371.730895 	 -14.415112 	 5.728092 	 2.728832 	 -0.105722 	 -0.006502 	 20.134368 
124.280837 	 -96.135162 	 83.703804 	 0.893145 	 -0.689801 	 0.601069 	 -0.018552 	 0.817409 
-181.427808 	 441.983617 	 290.152987 	 -1.330341 	 3.243375 	 2.128987 	 -0.007617 	 8.410937 
-37.315266 	 277.852777 	 -24.390869 	 -0.270396 	 2.019963 	 -0.177201 	 -0.013295 	 2.092382 
220.789123 	 -140.034793 	 433.012608 	 1.617834 	 -1.025125 	 3.171361 	 -0.008810 	 6.862899 
282.575235 	 9.722614 	 -169.882547 	 2.039766 	 0.070604 	 -1.225727 	 -0.012488 	 2.834019 
52.444679 	 3.757165 	 31.948605 	 0.316447 	 0.022997 	 0.192426 	 -0.033724 	 0.068848 
83.254316 	 -15.963503 	 -117.801531 	 0.591123 	 -0.112749 	 -0.835205 	 -0.020142 	 0.529853 
97.900950 	 -71.445227 	 67.797799 	 0.685827 	 -0.499484 	 0.474474 	 -0.021098 	 0.472484 
679.633486 	 405.081588 	 486.315124 	 4.991893 	 2.975278 	 3.571460 	 -0.005780 	 23.263303 
303.443940 	 -245.234395 	 757.010942 	 2.229481 	 -1.800672 	 5.559964 	 -0.005418 	 19.563101 
289.453212 	 -96.672070 	 -345.678826 	 2.103800 	 -0.701904 	 -2.511399 	 -0.009233 	 5.612884 
921.315927 	 -71.058032 	 -135.702442 	 6.767276 	 -0.521416 	 -0.996564 	 -0.005693 	 23.530522 
9.488711 	 37.507420 	 57.785994 	 0.067779 	 0.265206 	 0.407991 	 -0.031176 	 0.120692 
4.487402 	 -3.420163 	 11.534252 	 0.001720 	 -0.001255 	 0.004316 	 -0.063039 	 0.000012 
338.101970 	 60.971380 	 -52.821807 	 2.438350 	 0.440020 	 -0.380739 	 -0.012503 	 3.142065 
481.302947 	 133.577245 	 1.474435 	 3.534515 	 0.981170 	 0.010905 	 -0.009903 	 6.727807 
111.521408 	 -6.582026 	 37.087943 	 0.778600 	 -0.045472 	 0.258748 	 -0.023903 	 0.337618 
7.212720 	 -8.698934 	 -17.075634 	 0.114540 	 -0.135037 	 -0.266813 	 -0.048544 	 0.051272 
100.189609 	 -98.270557 	 219.666635 	 0.730696 	 -0.715439 	 1.600331 	 -0.014392 	 1.803415 
-74.551831 	 311.124068 	 -194.158415 	 -0.545143 	 2.278931 	 -1.421813 	 -0.010276 	 3.756131 
64.889585 	 47.828265 	 52.696411 	 0.606949 	 0.447169 	 0.492144 	 -0.026948 	 0.405277 
468.583237 	 -222.243921 	 -98.335498 	 3.431944 	 -1.626885 	 -0.719964 	 -0.008954 	 7.471670 
-98.269958 	 742.020788 	 -373.190400 	 -0.721015 	 5.450991 	 -2.741200 	 -0.005416 	 18.873670 
53.570756 	 1121.531609 	 -15.305832 	 0.394433 	 8.240745 	 -0.112378 	 -0.004290 	 34.039044 
259.239891 	 101.769387 	 42.507367 	 1.890982 	 0.742471 	 0.310007 	 -0.014125 	 2.111590 
209.521805 	 68.267948 	 -199.696185 	 1.510137 	 0.492228 	 -1.438464 	 -0.013044 	 2.295991 
-0.248815 	 0.421278 	 8.402310 	 -0.007396 	 0.026328 	 0.458047 	 -0.070798 	 0.105277 
-20.568843 	 83.538143 	 31.389963 	 -0.169869 	 0.694231 	 0.260757 	 -0.026360 	 0.289403 
245.844696 	 -115.611321 	 139.987356 	 1.772852 	 -0.832872 	 1.009101 	 -0.013466 	 2.427482 
25.325695 	 28.025567 	 -47.504166 	 0.237458 	 0.262187 	 -0.443328 	 -0.034081 	 0.160834 
-63.404629 	 124.148416 	 75.987504 	 -0.444898 	 0.873119 	 0.534218 	 -0.018467 	 0.622830 
10.651641 	 0.973478 	 -7.109285 	 0.021363 	 0.002056 	 -0.014087 	 -0.062299 	 0.000330 
-90.234436 	 1015.504453 	 162.413594 	 -0.662261 	 7.462935 	 1.193583 	 -0.004563 	 28.779315 
387.187228 	 61.980646 	 144.618323 	 2.802332 	 0.448915 	 1.046473 	 -0.011302 	 4.574849 
390.248171 	 -401.184773 	 -316.253626 	 2.865856 	 -2.944861 	 -2.321712 	 -0.006776 	 11.137842 
45.176831 	 468.735367 	 409.535079 	 0.332073 	 3.437308 	 3.002863 	 -0.007678 	 10.471272 
157.775601 	 383.415855 	 -466.876802 	 1.157682 	 2.811767 	 -3.423189 	 -0.007381 	 10.482244 
249.172232 	 -378.731969 	 -32.955330 	 1.826238 	 -2.774096 	 -0.241348 	 -0.009059 	 5.544501 
159.450927 	 -80.859618 	 104.026850 	 1.153296 	 -0.583987 	 0.751964 	 -0.016998 	 1.118292 
5.449887 	 -9.637031 	 3.187948 	 -0.055211 	 0.095028 	 -0.031748 	 -0.060792 	 0.006543 
95.304471 	 166.256916 	 41.238202 	 0.672287 	 1.171842 	 0.290630 	 -0.017416 	 0.954825 
335.321484 	 -228.868294 	 -146.696735 	 2.435285 	 -1.661153 	 -1.064953 	 -0.010002 	 4.912084 
1.752037 	 1.095306 	 0.503857 	 0.418012 	 0.259459 	 0.115366 	 -0.115947 	 0.127681 
8.722420 	 39.013792 	 -28.634551 	 0.086084 	 0.380722 	 -0.278883 	 -0.036967 	 0.115068 
400.283858 	 -301.584797 	 227.617021 	 2.933419 	 -2.209038 	 1.667666 	 -0.008499 	 8.132953 
-185.145129 	 645.495413 	 140.863106 	 -1.358687 	 4.740315 	 1.034434 	 -0.006431 	 12.693336 
90.752390 	 280.867668 	 -83.129000 	 0.654935 	 2.024873 	 -0.599095 	 -0.013293 	 2.443982 
11.158064 	 199.062494 	 181.139486 	 0.082463 	 1.456876 	 1.325368 	 -0.014566 	 1.942945 
16.465084 	 69.654931 	 -61.252549 	 0.122038 	 0.513217 	 -0.450825 	 -0.026585 	 0.240764 
812.333947 	 143.868941 	 336.534730 	 5.965704 	 1.056871 	 2.471216 	 -0.006122 	 21.406755 
95.945537 	 -39.520592 	 166.404616 	 0.683227 	 -0.280652 	 1.183649 	 -0.017691 	 0.973295 
882.842984 	 195.262015 	 -274.414666 	 6.484793 	 1.434542 	 -2.015335 	 -0.005801 	 24.086014 
31.098842 	 -5.679603 	 -10.487062 	 0.392735 	 -0.070682 	 -0.131821 	 -0.044915 	 0.088307 
7.942354 	 42.847830 	 98.804105 	 0.054415 	 0.289863 	 0.667506 	 -0.024964 	 0.266273 
-2.058699 	 102.128154 	 255.376565 	 -0.014300 	 0.751042 	 1.876954 	 -0.013635 	 2.043612 
337.044268 	 841.568522 	 -375.008847 	 2.476668 	 6.182397 	 -2.754636 	 -0.005127 	 25.971970 
971.235696 	 146.217708 	 -169.319072 	 7.134656 	 1.074442 	 -1.243586 	 -0.005487 	 26.802125 
515.280116 	 -140.412242 	 -331.379057 	 3.755014 	 -1.022552 	 -2.414259 	 -0.007625 	 10.487194 
-4.667960 	 11.617494 	 -21.764985 	 -0.026652 	 0.068341 	 -0.127288 	 -0.043078 	 0.010792 
659.262908 	 -121.260726 	 413.100001 	 4.840595 	 -0.889739 	 3.032720 	 -0.006908 	 16.710194 
-48.837828 	 93.562266 	 -57.213307 	 -0.373110 	 0.716930 	 -0.438027 	 -0.021336 	 0.422534 
147.982828 	 -143.512265 	 217.630728 	 1.079508 	 -1.045643 	 1.586445 	 -0.013130 	 2.387758 
23.166203 	 97.943199 	 64.434211 	 0.186303 	 0.784337 	 0.515753 	 -0.024061 	 0.457948 
40.795290 	 139.499325 	 -90.719920 	 0.312756 	 1.066992 	 -0.693499 	 -0.018740 	 0.858615 
-10.519140 	 163.546420 	 124.577326 	 -0.075261 	 1.183281 	 0.901070 	 -0.017445 	 1.108873 
-1.522914 	 62.463446 	 72.026220 	 -0.009412 	 0.417375 	 0.480866 	 -0.026394 	 0.202761 
489.246109 	 842.527847 	 -257.767685 	 3.594676 	 6.189399 	 -1.893399 	 -0.005167 	 27.407655 
77.746435 	 -118.450450 	 -38.623119 	 0.546059 	 -0.830304 	 -0.270803 	 -0.018917 	 0.530460 
29.839107 	 7.013296 	 23.487332 	 0.247314 	 0.058423 	 0.194024 	 -0.042289 	 0.051112 
846.752148 	 -357.935398 	 -555.916358 	 6.222433 	 -2.629511 	 -4.084576 	 -0.004566 	 31.158378 
511.295424 	 -69.661554 	 -251.930115 	 3.735324 	 -0.508353 	 -1.840017 	 -0.008495 	 8.798366 
551.659065 	 101.074385 	 -92.043357 	 4.051673 	 0.742649 	 -0.675796 	 -0.008987 	 8.712141 
705.096334 	 605.875172 	 -852.748488 	 5.182051 	 4.452577 	 -6.266125 	 -0.003914 	 42.971705 
300.261404 	 239.860706 	 -413.288053 	 2.195005 	 1.753253 	 -3.020049 	 -0.008258 	 8.506320 
36.348097 	 361.378333 	 62.390742 	 0.266986 	 2.646643 	 0.456935 	 -0.011419 	 3.642395 
762.081032 	 -54.151942 	 -742.286146 	 5.600656 	 -0.397455 	 -5.454292 	 -0.004778 	 30.637309 
39.933967 	 30.454557 	 20.362983 	 0.365120 	 0.278231 	 0.185754 	 -0.036634 	 0.122615 
460.618083 	 -238.737308 	 -276.709117 	 3.356508 	 -1.738790 	 -2.015796 	 -0.007858 	 9.176485 
65.428110 	 -115.696423 	 53.020920 	 0.526963 	 -0.929720 	 0.426386 	 -0.019423 	 0.661937 
330.413998 	 267.956564 	 -71.900131 	 2.381260 	 1.930925 	 -0.517922 	 -0.010708 	 4.833557 
516.355164 	 -75.905896 	 491.026208 	 3.765333 	 -0.552941 	 3.579927 	 -0.007109 	 13.649678 
-1.803697 	 -3.687417 	 43.685554 	 -0.011026 	 -0.023642 	 0.284977 	 -0.035439 	 0.040946 
15.862926 	 5.445570 	 -52.132847 	 0.119762 	 0.041289 	 -0.390729 	 -0.034911 	 0.084358 
142.965693 	 60.346231 	 71.815438 	 1.025506 	 0.432974 	 0.514810 	 -0.019056 	 0.752079 
12.093398 	 -8.813580 	 -70.665921 	 0.083552 	 -0.059902 	 -0.483629 	 -0.028060 	 0.122233 
159.015863 	 507.525079 	 -218.194275 	 1.165664 	 3.718223 	 -1.598256 	 -0.008212 	 8.869190 
652.955277 	 337.664077 	 -64.408732 	 4.788008 	 2.476061 	 -0.472137 	 -0.007429 	 14.639404 
113.146177 	 -126.146563 	 -224.910763 	 0.817831 	 -0.910440 	 -1.623976 	 -0.012300 	 2.067522 
329.610786 	 -210.355993 	 -56.655148 	 2.396094 	 -1.528199 	 -0.411633 	 -0.010918 	 4.123050 
-24.218331 	 40.270013 	 24.515356 	 -0.132935 	 0.222423 	 0.135256 	 -0.032126 	 0.042719 
56.118879 	 -4.092174 	 103.065159 	 0.410260 	 -0.029401 	 0.752029 	 -0.024000 	 0.367362 
48.818765 	 409.440903 	 99.388023 	 0.358685 	 3.001786 	 0.728625 	 -0.010329 	 4.835136 
-5.532878 	 199.803933 	 150.835016 	 -0.039461 	 1.455187 	 1.098279 	 -0.015256 	 1.662672 
13.050718 	 -9.553020 	 -12.943044 	 -0.006447 	 0.004648 	 0.006334 	 -0.050540 	 0.000052 
136.855283 	 -56.914590 	 -63.702183 	 1.380783 	 -0.573130 	 -0.642075 	 -0.019358 	 1.323650 
818.436910 	 223.427203 	 -14.828650 	 6.009504 	 1.640781 	 -0.108787 	 -0.006675 	 19.409070 
574.289420 	 -243.037889 	 -671.611663 	 4.219589 	 -1.784911 	 -4.933613 	 -0.005171 	 22.665685 
246.754976 	 433.710184 	 -566.807559 	 1.812465 	 3.184689 	 -4.161332 	 -0.006273 	 15.371978 
161.593347 	 220.933713 	 -376.578914 	 1.186306 	 1.621266 	 -2.762570 	 -0.009387 	 5.833810 
11.618623 	 12.369819 	 21.562854 	 0.032563 	 0.034507 	 0.059881 	 -0.047863 	 0.002918 
48.568982 	 23.139396 	 8.796913 	 0.330603 	 0.157564 	 0.059814 	 -0.037029 	 0.068851 
319.392927 	 884.993478 	 397.030971 	 2.347087 	 6.501611 	 2.916666 	 -0.004975 	 28.143354 
114.140860 	 -105.460179 	 86.584571 	 0.880967 	 -0.812682 	 0.667704 	 -0.018378 	 0.941192 
185.155229 	 -196.226294 	 257.072229 	 1.356293 	 -1.436058 	 1.882029 	 -0.011072 	 3.721914 
424.307051 	 298.145203 	 131.304175 	 3.116722 	 2.189882 	 0.964310 	 -0.009290 	 7.719717 
20.578436 	 -9.206303 	 -2.426896 	 0.305538 	 -0.135024 	 -0.035676 	 -0.051682 	 0.056429 
290.579645 	 -101.012136 	 297.049759 	 2.131799 	 -0.740317 	 2.178499 	 -0.010633 	 4.919247 
196.741435 	 -291.952651 	 138.925524 	 1.441646 	 -2.137633 	 1.017488 	 -0.010543 	 3.841552 
159.215871 	 -17.118975 	 -50.048721 	 1.140649 	 -0.122110 	 -0.358225 	 -0.019061 	 0.722158 
7.064047 	 26.712641 	 -4.297617 	 0.017442 	 0.065070 	 -0.010418 	 -0.046159 	 0.002323 
1.874155 	 0.219756 	 -1.117629 	 0.038200 	 0.005422 	 -0.021276 	 -0.102228 	 0.000971 
475.605230 	 496.171583 	 -458.974144 	 3.490620 	 3.641156 	 -3.367680 	 -0.006127 	 18.391856 
-121.473508 	 432.184077 	 552.435163 	 -0.891048 	 3.173619 	 4.056144 	 -0.006330 	 13.659063 
-31.488800 	 183.215920 	 -191.797910 	 -0.227861 	 1.331022 	 -1.392816 	 -0.013077 	 1.881738 
-46.685393 	 268.841553 	 129.967088 	 -0.337214 	 1.947033 	 0.941122 	 -0.013200 	 2.395181 
9.974720 	 28.534419 	 -13.258334 	 0.177258 	 0.502493 	 -0.232781 	 -0.043793 	 0.169053 
-132.119609 	 324.368141 	 -67.358751 	 -0.966516 	 2.375390 	 -0.493103 	 -0.010495 	 3.409891 
51.280560 	 -33.480417 	 -68.430090 	 0.333911 	 -0.217122 	 -0.444529 	 -0.026283 	 0.178122 
93.279162 	 26.764828 	 58.955197 	 0.715314 	 0.205476 	 0.451636 	 -0.024421 	 0.378935 
782.739181 	 -53.380004 	 -53.854745 	 5.746346 	 -0.391366 	 -0.395229 	 -0.006743 	 16.664934 
75.799136 	 -24.187552 	 -204.537547 	 0.546854 	 -0.173793 	 -1.473365 	 -0.014634 	 1.250028 
139.722872 	 -38.194396 	 371.303763 	 1.018099 	 -0.277627 	 2.703420 	 -0.010800 	 4.211042 
136.732847 	 -140.090524 	 382.465631 	 1.003683 	 -1.027024 	 2.805237 	 -0.009771 	 4.965757 
3.375051 	 47.631652 	 -35.762464 	 0.027526 	 0.376374 	 -0.282132 	 -0.033574 	 0.111007 
216.165615 	 632.508103 	 596.323750 	 1.588465 	 4.645934 	 4.379799 	 -0.005661 	 21.645285 
35.300426 	 80.387768 	 -156.963304 	 0.254635 	 0.578465 	 -1.128544 	 -0.017371 	 0.836536 
-70.791760 	 190.782917 	 -159.057955 	 -0.516052 	 1.393433 	 -1.161262 	 -0.013081 	 1.778247 
80.757344 	 -0.176756 	 -46.356301 	 0.796828 	 -0.001128 	 -0.456649 	 -0.027684 	 0.421733 
960.364915 	 -485.544550 	 90.688531 	 7.057615 	 -3.567336 	 0.666461 	 -0.004642 	 31.489993 
650.833764 	 -5.164752 	 287.011310 	 4.752609 	 -0.037253 	 2.095570 	 -0.007622 	 13.490045 
106.633136 	 7.065885 	 91.210999 	 0.815607 	 0.054464 	 0.696992 	 -0.021672 	 0.576989 
6.229813 	 -6.056925 	 -4.405693 	 0.055718 	 -0.052660 	 -0.038606 	 -0.067219 	 0.003684 
-37.517202 	 323.081829 	 223.556235 	 -0.271267 	 2.343539 	 1.621376 	 -0.010735 	 4.097311 
186.244133 	 -198.376545 	 -89.742794 	 1.345395 	 -1.431719 	 -0.647815 	 -0.012823 	 2.139786 
239.112550 	 -122.831116 	 33.754901 	 1.710758 	 -0.877949 	 0.241467 	 -0.014358 	 1.877898 
219.674614 	 -224.959757 	 110.702944 	 1.611102 	 -1.648559 	 0.811562 	 -0.012213 	 2.986016 
30.835239 	 25.330637 	 64.735620 	 0.274029 	 0.224840 	 0.573293 	 -0.031209 	 0.227155 
749.454617 	 -492.309852 	 631.273300 	 5.508493 	 -3.617475 	 4.639241 	 -0.004444 	 32.476092 
-21.197209 	 104.599211 	 -48.191913 	 -0.164072 	 0.814449 	 -0.374932 	 -0.023163 	 0.415410 
959.461002 	 294.348581 	 -181.724095 	 7.048344 	 2.162532 	 -1.334735 	 -0.005416 	 28.068610 
108.854646 	 50.656103 	 261.153519 	 0.794557 	 0.369822 	 1.904327 	 -0.014034 	 2.197275 
28.383696 	 16.039856 	 82.362374 	 0.229124 	 0.129467 	 0.662312 	 -0.028220 	 0.253958 
14.250634 	 9.111157 	 -2.008533 	 0.451900 	 0.288610 	 -0.062850 	 -0.057584 	 0.145730 
26.831951 	 123.692749 	 -235.931963 	 0.194637 	 0.893945 	 -1.704177 	 -0.013117 	 1.870620 
43.092299 	 -14.549770 	 -37.461599 	 0.371490 	 -0.124567 	 -0.322011 	 -0.034157 	 0.128606 
113.091600 	 -102.147221 	 -302.217062 	 0.827066 	 -0.745827 	 -2.207901 	 -0.010985 	 3.057561 
867.848359 	 -224.142931 	 312.295825 	 6.375334 	 -1.645913 	 2.293949 	 -0.005533 	 24.308057 
603.093263 	 361.896667 	 -899.142777 	 4.432707 	 2.659883 	 -6.607339 	 -0.004261 	 35.190397 
197.243574 	 -103.963646 	 275.188327 	 1.443597 	 -0.760003 	 2.012990 	 -0.012009 	 3.356853 
196.425289 	 -258.506653 	 560.616039 	 1.442844 	 -1.897315 	 4.115725 	 -0.006766 	 11.310396 
695.029354 	 708.352272 	 85.697616 	 5.105797 	 5.203281 	 0.629526 	 -0.005697 	 26.769800 
-42.024787 	 161.620585 	 42.382756 	 -0.300109 	 1.157727 	 0.303559 	 -0.018509 	 0.761272 
-103.710569 	 308.698105 	 -141.611893 	 -0.751133 	 2.238665 	 -1.026677 	 -0.010602 	 3.314944 
0.655757 	 2.373655 	 0.391386 	 -0.072939 	 -0.231129 	 -0.038166 	 -0.097415 	 0.030099 
41.441874 	 -26.153019 	 195.510778 	 0.299821 	 -0.188246 	 1.410700 	 -0.017142 	 1.057702 
26.478038 	 -22.127084 	 170.640903 	 0.190119 	 -0.157758 	 1.220120 	 -0.018471 	 0.774862 
174.353726 	 50.033874 	 392.038771 	 1.275377 	 0.366210 	 2.865940 	 -0.010453 	 4.987154 
41.240577 	 373.541334 	 236.861783 	 0.301507 	 2.723925 	 1.727026 	 -0.010014 	 5.246646 
53.624424 	 -11.468028 	 -85.758948 	 0.390013 	 -0.082780 	 -0.622339 	 -0.024947 	 0.273135 
39.218286 	 73.446602 	 31.576138 	 0.304706 	 0.569486 	 0.244710 	 -0.028153 	 0.238521 
-4.727750 	 311.748858 	 475.812956 	 -0.033848 	 2.287065 	 3.490061 	 -0.007930 	 8.706167 
-22.345273 	 50.994548 	 25.435219 	 -0.140594 	 0.322877 	 0.160918 	 -0.030674 	 0.074956 
37.538152 	 -26.045039 	 67.787744 	 0.283511 	 -0.195649 	 0.510520 	 -0.027939 	 0.189644 
227.604161 	 704.006150 	 -656.807845 	 1.673094 	 5.172964 	 -4.825649 	 -0.004837 	 26.422846 
246.010717 	 -8.754183 	 213.470130 	 1.798795 	 -0.063525 	 1.560226 	 -0.013304 	 2.837001 
285.339023 	 512.808614 	 -210.337843 	 2.076812 	 3.731404 	 -1.530239 	 -0.008107 	 10.289076 
55.571694 	 65.466475 	 14.285611 	 0.420647 	 0.495010 	 0.107997 	 -0.029151 	 0.216821 
2.764804 	 4.118422 	 79.743816 	 0.019776 	 0.028730 	 0.548067 	 -0.027924 	 0.150797 
1.623498 	 -14.538662 	 82.961577 	 0.013109 	 -0.109282 	 0.626360 	 -0.026110 	 0.202220 
15.700210 	 11.313332 	 -27.320692 	 0.146128 	 0.105121 	 -0.252367 	 -0.043989 	 0.048046 
646.491682 	 239.412524 	 -89.280251 	 4.701956 	 1.741404 	 -0.649146 	 -0.007820 	 12.781134 
553.623818 	 202.776975 	 -491.656220 	 4.061775 	 1.487869 	 -3.606322 	 -0.006530 	 15.858664 
53.334610 	 685.291399 	 313.975907 	 0.392394 	 5.031638 	 2.305186 	 -0.006380 	 15.392619 
181.970219 	 -34.322423 	 177.939018 	 1.307031 	 -0.245926 	 1.277361 	 -0.015325 	 1.700230 
34.917587 	 416.090061 	 -366.419420 	 0.256908 	 3.051985 	 -2.687173 	 -0.007943 	 8.300756 
204.048331 	 61.949135 	 -327.846785 	 1.495085 	 0.454113 	 -2.400762 	 -0.010516 	 4.102579 
65.232892 	 15.072154 	 -112.928243 	 0.450021 	 0.104227 	 -0.777634 	 -0.021428 	 0.409048 
6.503628 	 60.668941 	 98.734219 	 0.050812 	 0.466387 	 0.758314 	 -0.023905 	 0.397570 
2.822532 	 -5.097436 	 218.738315 	 0.021449 	 -0.036791 	 1.598352 	 -0.015382 	 1.278271 
340.316287 	 -38.867548 	 390.816444 	 2.492439 	 -0.284111 	 2.861426 	 -0.009147 	 7.240367 
55.446791 	 0.093021 	 54.175600 	 0.366493 	 0.001025 	 0.357435 	 -0.030005 	 0.131039 
496.878320 	 -277.941243 	 -113.733957 	 3.626566 	 -2.027694 	 -0.829842 	 -0.008183 	 8.976083 
873.654771 	 -247.341936 	 54.273433 	 6.417202 	 -1.816093 	 0.398680 	 -0.005750 	 22.318810 
404.191844 	 134.158631 	 -125.441999 	 2.909386 	 0.965857 	 -0.902605 	 -0.010575 	 5.106052 
455.562982 	 -95.253491 	 333.537798 	 3.335487 	 -0.696787 	 2.441531 	 -0.008777 	 8.786029 
337.396981 	 214.469382 	 199.739180 	 2.474871 	 1.573104 	 1.464714 	 -0.010626 	 5.372515 
-0.071198 	 0.019661 	 0.045529 	 -0.117168 	 -0.229870 	 -0.158156 	 -0.259204 	 0.045791 
-33.555730 	 69.578517 	 190.903831 	 -0.257142 	 0.535469 	 1.467946 	 -0.016158 	 1.253857 
1.853688 	 189.830036 	 -100.044904 	 0.014247 	 1.375639 	 -0.724677 	 -0.015936 	 1.208871 
43.705228 	 27.873149 	 67.022826 	 0.290718 	 0.185342 	 0.444745 	 -0.029368 	 0.158333 
-4.279647 	 10.782571 	 -5.829719 	 0.030610 	 -0.079671 	 0.042748 	 -0.054572 	 0.004556 
-3.820047 	 68.670058 	 -2.636917 	 -0.023118 	 0.428632 	 -0.016377 	 -0.030882 	 0.092264 
205.242593 	 -51.975966 	 60.732605 	 1.489354 	 -0.376507 	 0.440546 	 -0.016447 	 1.277006 
549.855028 	 466.373411 	 100.210273 	 4.000726 	 3.393073 	 0.729056 	 -0.007301 	 14.025139 
544.141028 	 68.612935 	 -69.582263 	 3.995937 	 0.504217 	 -0.510796 	 -0.009186 	 8.241329 
594.528012 	 301.538238 	 212.117391 	 4.325761 	 2.194016 	 1.543143 	 -0.007682 	 12.953600 
-3.698035 	 13.375292 	 17.611475 	 -0.073456 	 0.275331 	 0.361075 	 -0.048893 	 0.105789 
-50.361540 	 68.261570 	 161.869374 	 -0.386614 	 0.525686 	 1.245511 	 -0.016958 	 0.988557 
72.547461 	 9.299275 	 -65.763056 	 0.518502 	 0.066804 	 -0.469205 	 -0.026436 	 0.246730 
431.074811 	 -512.344165 	 -80.810025 	 3.166307 	 -3.761799 	 -0.593326 	 -0.006586 	 12.264334 
-73.929271 	 173.154726 	 6.891909 	 -0.531364 	 1.246897 	 0.049689 	 -0.016975 	 0.919785 
-11.890054 	 40.877704 	 -40.559629 	 -0.161712 	 0.562149 	 -0.556777 	 -0.031952 	 0.326081 
892.899958 	 362.089679 	 189.811293 	 6.558933 	 2.659906 	 1.394191 	 -0.005656 	 26.019237 
21.762109 	 -11.896873 	 8.694422 	 0.044361 	 -0.023999 	 0.017654 	 -0.048645 	 0.001428 
8.897239 	 -14.446459 	 -3.486335 	 0.040252 	 -0.064260 	 -0.015526 	 -0.052486 	 0.002995 
16.992668 	 92.906704 	 46.119439 	 0.133243 	 0.724173 	 0.359328 	 -0.025961 	 0.335648 
56.523529 	 76.118339 	 584.409227 	 0.415511 	 0.558896 	 4.287570 	 -0.007428 	 9.434135 
30.058492 	 20.656237 	 -64.832237 	 0.231514 	 0.158979 	 -0.497393 	 -0.030053 	 0.163136 
216.470189 	 387.866541 	 362.992703 	 1.586245 	 2.841173 	 2.658621 	 -0.008488 	 8.828353 
0.560925 	 0.886858 	 10.699196 	 0.012184 	 0.017160 	 0.193633 	 -0.067549 	 0.018968 
2.264308 	 -0.830056 	 0.494326 	 -0.239998 	 0.077508 	 -0.051001 	 -0.101301 	 0.033104 
13.302405 	 -6.260995 	 -21.402640 	 0.028759 	 -0.013288 	 -0.045858 	 -0.046731 	 0.001553 
32.551388 	 21.050778 	 -22.867280 	 0.233691 	 0.151050 	 -0.163522 	 -0.039289 	 0.052083 
276.752473 	 522.594948 	 -231.194207 	 2.014370 	 3.802660 	 -1.682004 	 -0.007973 	 10.673527 
-55.844612 	 160.755078 	 -21.003031 	 -0.438434 	 1.265132 	 -0.165143 	 -0.018138 	 0.910028 
701.698973 	 521.520541 	 -60.287272 	 5.152798 	 3.829532 	 -0.442558 	 -0.006374 	 20.706252 
182.157603 	 -131.547144 	 32.877599 	 1.320871 	 -0.952839 	 0.238335 	 -0.015916 	 1.354702 
21.959494 	 3.122244 	 -1.865449 	 0.103063 	 0.014870 	 -0.008660 	 -0.053793 	 0.005459 
240.773659 	 114.161443 	 191.412741 	 1.731991 	 0.821276 	 1.376349 	 -0.012977 	 2.784312 
69.420761 	 220.917792 	 143.570325 	 0.506379 	 1.609285 	 1.045628 	 -0.014274 	 1.969778 
146.183875 	 -190.901252 	 180.481017 	 1.068045 	 -1.393226 	 1.317686 	 -0.012744 	 2.409047 
594.019248 	 379.227474 	 283.179541 	 4.338487 	 2.769659 	 2.067920 	 -0.007093 	 15.384886 
-2.489542 	 53.618430 	 -50.385718 	 -0.024213 	 0.546902 	 -0.513221 	 -0.029822 	 0.281542 
567.175414 	 -159.074978 	 237.558291 	 4.145952 	 -1.162123 	 1.736243 	 -0.008190 	 10.776994 
17.443807 	 47.364164 	 21.403993 	 0.106542 	 0.287805 	 0.129955 	 -0.035672 	 0.055535 
20.258528 	 -27.889947 	 -62.277451 	 0.148301 	 -0.202581 	 -0.453291 	 -0.028347 	 0.134252 
184.395470 	 -102.344309 	 10.558961 	 1.334286 	 -0.739659 	 0.076436 	 -0.016721 	 1.166628 
784.205649 	 95.123363 	 -852.596733 	 5.763266 	 0.699436 	 -6.264902 	 -0.004321 	 36.476719 
570.381337 	 10.123517 	 398.593567 	 4.178237 	 0.074600 	 2.919334 	 -0.007603 	 12.992869 
-2.558064 	 -0.613917 	 18.550562 	 -0.024034 	 -0.005422 	 0.182447 	 -0.051403 	 0.016947 
741.220162 	 281.454228 	 -16.530992 	 5.429496 	 2.061817 	 -0.120993 	 -0.007085 	 16.872579 
534.278200 	 326.641357 	 674.586492 	 3.924679 	 2.399379 	 4.954382 	 -0.005720 	 22.853010 
168.468641 	 75.995308 	 273.980751 	 1.232267 	 0.555952 	 2.002774 	 -0.012877 	 2.919333 
100.169418 	 10.065435 	 126.717404 	 0.716344 	 0.072345 	 0.905254 	 -0.020339 	 0.668934 
655.753531 	 30.959880 	 -590.350854 	 4.816732 	 0.227829 	 -4.335500 	 -0.005693 	 21.024684 
-0.076773 	 0.101342 	 0.004619 	 0.077733 	 0.351364 	 0.033246 	 -0.210099 	 0.065302 
446.472875 	 112.593242 	 -396.595492 	 3.269794 	 0.824837 	 -2.903697 	 -0.007937 	 9.901682 
103.578046 	 -23.289661 	 353.932798 	 0.754173 	 -0.168939 	 2.574327 	 -0.011336 	 3.612238 
166.826370 	 587.667671 	 132.993916 	 1.219212 	 4.292383 	 0.971377 	 -0.007743 	 10.427303 
-56.532114 	 165.949196 	 -6.829442 	 -0.400382 	 1.178111 	 -0.048388 	 -0.018060 	 0.775296 
20.354372 	 77.963901 	 -86.300100 	 0.142371 	 0.542750 	 -0.600227 	 -0.023269 	 0.337560 
-18.682724 	 825.653870 	 -485.033457 	 -0.136433 	 6.066600 	 -3.563498 	 -0.004862 	 24.760381 
64.370070 	 514.634580 	 193.637616 	 0.470693 	 3.757024 	 1.413535 	 -0.008451 	 8.167431 
-14.774854 	 140.546526 	 171.100526 	 -0.106065 	 1.017177 	 1.237835 	 -0.016179 	 1.289067 
245.408524 	 -386.882434 	 64.876630 	 1.799152 	 -2.834571 	 0.475488 	 -0.008893 	 5.748916 
571.714426 	 -166.827763 	 69.751154 	 4.157681 	 -1.212529 	 0.507230 	 -0.008439 	 9.506911 
38.016350 	 -19.410084 	 -29.449785 	 0.237081 	 -0.120301 	 -0.183046 	 -0.035646 	 0.052093 
218.706803 	 -83.048163 	 29.649480 	 1.587691 	 -0.602121 	 0.215207 	 -0.015780 	 1.464814 
357.323144 	 -156.240917 	 -243.083246 	 2.622037 	 -1.145676 	 -1.783101 	 -0.009580 	 5.683551 
911.499502 	 -251.927359 	 -96.387197 	 6.695627 	 -1.849903 	 -0.707867 	 -0.005467 	 24.377320 
-38.973173 	 217.982038 	 108.393116 	 -0.276570 	 1.551834 	 0.771517 	 -0.014973 	 1.539959 
68.437463 	 19.363569 	 -186.929649 	 0.495390 	 0.140384 	 -1.350795 	 -0.015834 	 1.044883 
696.775388 	 49.788772 	 -214.196386 	 5.081643 	 0.363509 	 -1.561820 	 -0.007196 	 14.197258 
4.188804 	 46.485956 	 87.419733 	 0.032749 	 0.354362 	 0.665590 	 -0.026189 	 0.284828 
62.826538 	 333.187371 	 -34.421393 	 0.460268 	 2.437010 	 -0.251640 	 -0.012108 	 3.107094 
-0.157372 	 0.041479 	 0.360315 	 0.038311 	 -0.089559 	 -0.320312 	 -0.151468 	 0.056044 
263.125504 	 355.006906 	 271.355956 	 1.932989 	 2.607312 	 1.992676 	 -0.009276 	 7.252638 
268.997723 	 -177.283502 	 64.039320 	 1.964486 	 -1.293700 	 0.467561 	 -0.012564 	 2.875740 
454.405407 	 36.065079 	 71.372742 	 3.277716 	 0.260529 	 0.514776 	 -0.010499 	 5.538145 
209.182132 	 -190.560510 	 -221.106484 	 1.535340 	 -1.397450 	 -1.621905 	 -0.010695 	 3.470356 
273.250858 	 266.499901 	 540.236834 	 2.005002 	 1.955115 	 3.962476 	 -0.007912 	 11.771863 
406.057276 	 19.592549 	 -101.991005 	 2.976682 	 0.144044 	 -0.747377 	 -0.010997 	 4.719979 
17.100771 	 -13.900806 	 -19.158956 	 0.183795 	 -0.147757 	 -0.204449 	 -0.043896 	 0.048706 
204.745496 	 31.986181 	 30.347691 	 1.481548 	 0.231776 	 0.219555 	 -0.016834 	 1.148454 
115.757368 	 -114.657917 	 -318.822201 	 0.847200 	 -0.837880 	 -2.331028 	 -0.010489 	 3.426742 
7.496337 	 -14.736299 	 7.030641 	 0.058369 	 -0.112560 	 0.054013 	 -0.053023 	 0.009497 
46.601819 	 11.331849 	 13.501864 	 0.742448 	 0.181090 	 0.214761 	 -0.037871 	 0.315072 
247.544386 	 27.133513 	 -705.895272 	 1.818479 	 0.199691 	 -5.183113 	 -0.005878 	 15.105700 
569.805032 	 -205.499315 	 65.264738 	 4.161147 	 -1.499959 	 0.476597 	 -0.008272 	 9.896084 
46.613725 	 6.048850 	 -25.093074 	 0.271671 	 0.035530 	 -0.145829 	 -0.036437 	 0.048167 
4.372745 	 86.808144 	 -7.250927 	 0.035148 	 0.680670 	 -0.056729 	 -0.027542 	 0.233883 
607.595769 	 -195.724127 	 814.105540 	 4.465148 	 -1.437628 	 5.981731 	 -0.004737 	 28.892710 
-16.639735 	 40.868230 	 -60.614495 	 -0.123867 	 0.306772 	 -0.454221 	 -0.027425 	 0.157885 
17.567302 	 -16.177968 	 0.197814 	 0.024196 	 -0.022054 	 0.000286 	 -0.048929 	 0.000536 
126.648045 	 -127.902077 	 67.389256 	 0.900876 	 -0.908543 	 0.479005 	 -0.017205 	 0.933237 
278.835423 	 260.021386 	 549.785413 	 2.033023 	 1.895533 	 4.007007 	 -0.007845 	 11.891168 
32.151527 	 -24.697832 	 184.027913 	 0.231593 	 -0.176832 	 1.321020 	 -0.017848 	 0.914999 
268.088371 	 -236.351854 	 159.091292 	 1.946436 	 -1.714840 	 1.154663 	 -0.010986 	 4.031268 
228.387112 	 -159.936707 	 -303.848198 	 1.670905 	 -1.169080 	 -2.221808 	 -0.009724 	 4.547552 
138.720070 	 -89.923865 	 -79.261511 	 0.997988 	 -0.645961 	 -0.569686 	 -0.017565 	 0.868894 
123.150424 	 -110.231698 	 242.344366 	 0.900101 	 -0.804485 	 1.769739 	 -0.013401 	 2.294677 
507.724958 	 898.380339 	 -147.104124 	 3.730432 	 6.599702 	 -1.080505 	 -0.005028 	 29.319838 
527.511109 	 726.808243 	 -349.682291 	 3.875386 	 5.338846 	 -2.568328 	 -0.005392 	 25.059103 
12.472112 	 32.490482 	 87.140831 	 0.082823 	 0.214230 	 0.573546 	 -0.027005 	 0.190854 
11.739716 	 0.280953 	 23.625806 	 0.048934 	 0.001417 	 0.097583 	 -0.048775 	 0.005960 
641.072156 	 -124.699269 	 431.235880 	 4.704510 	 -0.914488 	 3.164148 	 -0.006896 	 16.490264 
947.417518 	 210.371682 	 -589.381167 	 6.961648 	 1.546090 	 -4.330192 	 -0.004587 	 34.802750 
626.067730 	 407.549441 	 -256.825881 	 4.586485 	 2.985568 	 -1.881052 	 -0.006743 	 16.743907 
35.881343 	 -28.212869 	 -77.721508 	 0.306045 	 -0.239353 	 -0.660742 	 -0.025813 	 0.293767 
768.548256 	 -210.958013 	 -659.075220 	 5.647471 	 -1.549483 	 -4.842246 	 -0.004856 	 28.871085 
13.438789 	 -10.659111 	 71.110815 	 0.086520 	 -0.067654 	 0.454069 	 -0.029100 	 0.109121 
-0.249616 	 23.301497 	 -38.854132 	 -0.001625 	 0.277861 	 -0.461955 	 -0.036663 	 0.145306 
157.822815 	 199.626413 	 237.829247 	 1.140322 	 1.441785 	 1.717244 	 -0.012433 	 3.164003 
-39.858542 	 607.700682 	 638.513666 	 -0.291960 	 4.464462 	 4.690428 	 -0.005330 	 21.008391 
25.927642 	 20.556637 	 33.479085 	 0.137135 	 0.108584 	 0.176365 	 -0.039507 	 0.030851 
5.995687 	 7.405731 	 4.558591 	 0.027063 	 0.033086 	 0.020244 	 -0.065482 	 0.001118 
514.677471 	 318.831991 	 455.394493 	 3.778178 	 2.340446 	 3.342336 	 -0.007070 	 15.461763 
28.133495 	 -29.838700 	 -30.576959 	 0.169385 	 -0.178559 	 -0.183295 	 -0.034075 	 0.047086 
231.125876 	 -329.397124 	 250.151297 	 1.697359 	 -2.417412 	 1.836262 	 -0.008856 	 6.048384 
-14.407151 	 55.773272 	 219.644167 	 -0.112472 	 0.439334 	 1.728323 	 -0.015191 	 1.596383 
-9.408655 	 27.881483 	 -8.454929 	 -0.094277 	 0.283406 	 -0.085640 	 -0.040308 	 0.048271 
293.856544 	 561.491027 	 -266.589705 	 2.155051 	 4.116672 	 -1.954254 	 -0.007335 	 12.705170 
29.009185 	 -50.064811 	 1.963055 	 0.191469 	 -0.328752 	 0.012978 	 -0.030818 	 0.072453 
-17.825812 	 49.853382 	 -16.709492 	 -0.099389 	 0.280083 	 -0.093698 	 -0.032113 	 0.048552 
540.215470 	 -71.204698 	 -207.877548 	 3.946801 	 -0.519656 	 -1.518351 	 -0.008540 	 9.076336 
-19.122187 	 230.044064 	 38.372420 	 -0.136866 	 1.656757 	 0.276358 	 -0.015506 	 1.419975 
-36.599768 	 31.568232 	 283.472982 	 -0.265874 	 0.230487 	 2.065709 	 -0.012523 	 2.195484 
722.070732 	 716.476458 	 176.354843 	 5.304618 	 5.263154 	 1.295450 	 -0.005301 	 28.758976 
34.855625 	 -10.325810 	 -52.285191 	 0.373936 	 -0.109753 	 -0.558995 	 -0.032337 	 0.232175 
188.586634 	 235.022701 	 219.380056 	 1.357421 	 1.691097 	 1.578201 	 -0.011842 	 3.596561 
50.240685 	 -54.306506 	 200.636496 	 0.363268 	 -0.391336 	 1.447536 	 -0.016239 	 1.190235 
72.611111 	 -45.752678 	 -31.115991 	 0.486303 	 -0.305530 	 -0.207999 	 -0.026815 	 0.186551 
17.789096 	 8.578965 	 -22.379771 	 0.098234 	 0.047417 	 -0.122744 	 -0.047418 	 0.013482 
22.379997 	 -0.786317 	 9.042666 	 0.121613 	 -0.003915 	 0.048950 	 -0.051893 	 0.008601 
8.148474 	 2.562008 	 -5.371041 	 -0.086897 	 -0.027604 	 0.056381 	 -0.066636 	 0.005746 
8.017849 	 16.281097 	 7.879763 	 0.056019 	 0.112602 	 0.054364 	 -0.053644 	 0.009386 
192.146895 	 187.056138 	 929.373514 	 1.412665 	 1.374887 	 6.828824 	 -0.004909 	 25.259385 
375.562811 	 -327.718544 	 621.691098 	 2.759019 	 -2.406356 	 4.565872 	 -0.005825 	 17.124963 
127.938249 	 -5.012308 	 -98.346143 	 0.974052 	 -0.037653 	 -0.748010 	 -0.019278 	 0.754857 
16.360459 	 -17.609135 	 18.914357 	 0.114808 	 -0.122288 	 0.131895 	 -0.045048 	 0.022766 
28.360796 	 24.099233 	 -13.372484 	 0.214074 	 0.181654 	 -0.100457 	 -0.041680 	 0.044459 
128.004024 	 878.060251 	 288.068644 	 0.941024 	 6.449839 	 2.115953 	 -0.005281 	 23.481603 
2.187234 	 -28.679192 	 25.394567 	 0.027261 	 -0.339152 	 0.301091 	 -0.035439 	 0.103211 
655.632461 	 256.557240 	 282.208839 	 4.804076 	 1.880028 	 2.067578 	 -0.007204 	 15.444266 
634.731087 	 576.115073 	 107.980228 	 4.657328 	 4.226939 	 0.792242 	 -0.006319 	 20.092681 
261.147048 	 -109.891487 	 -70.765467 	 1.903796 	 -0.800323 	 -0.515587 	 -0.013510 	 2.265393 
-6.750710 	 28.347150 	 -32.766203 	 -0.040230 	 0.172185 	 -0.198525 	 -0.036155 	 0.035339 
-13.762002 	 69.632376 	 82.296455 	 -0.098367 	 0.502282 	 0.593180 	 -0.024271 	 0.306913 
22.751507 	 19.636864 	 -71.656343 	 0.172252 	 0.148406 	 -0.539748 	 -0.028901 	 0.171512 
5.755144 	 104.736395 	 147.991010 	 0.047670 	 0.851347 	 1.202314 	 -0.018512 	 1.086311 
2.839287 	 -1.879050 	 15.166129 	 0.023147 	 -0.014244 	 0.118995 	 -0.059962 	 0.007449 
130.825368 	 -59.165557 	 5.293664 	 0.927022 	 -0.418441 	 0.037555 	 -0.021195 	 0.517936 
82.113135 	 6.644793 	 -32.632670 	 0.609929 	 0.049751 	 -0.241979 	 -0.028135 	 0.216521 
149.468447 	 40.729519 	 -42.691451 	 1.068231 	 0.291314 	 -0.304802 	 -0.019501 	 0.659443 
238.906229 	 279.946191 	 97.213410 	 1.727446 	 2.023685 	 0.702662 	 -0.011534 	 3.786551 
-214.151291 	 688.205092 	 -157.781714 	 -1.571878 	 5.054575 	 -1.158655 	 -0.005895 	 14.681006 
7.800990 	 -14.761864 	 2.501758 	 0.140117 	 -0.260256 	 0.044486 	 -0.054160 	 0.044672 
131.700364 	 -73.427051 	 -274.116240 	 0.962922 	 -0.535943 	 -2.002392 	 -0.011779 	 2.612014 
-44.404701 	 157.809071 	 249.829977 	 -0.321777 	 1.146927 	 1.815080 	 -0.012737 	 2.356748 
13.275847 	 24.350961 	 -19.243958 	 0.174724 	 0.318593 	 -0.250992 	 -0.044937 	 0.097513 
37.888837 	 166.342901 	 -22.781668 	 0.272292 	 1.192334 	 -0.163158 	 -0.019253 	 0.761212 
348.438031 	 319.429199 	 -115.950388 	 2.558073 	 2.344801 	 -0.850899 	 -0.009807 	 6.382930 
127.278854 	 204.298931 	 230.721168 	 0.931360 	 1.494082 	 1.686879 	 -0.012711 	 2.972637 
39.369679 	 577.783935 	 90.728027 	 0.288944 	 4.228824 	 0.664050 	 -0.007901 	 9.203702 
153.672454 	 -57.484276 	 -102.047187 	 1.088389 	 -0.406394 	 -0.722144 	 -0.017091 	 0.935619 
170.542333 	 346.818382 	 -368.914659 	 1.247044 	 2.534790 	 -2.695722 	 -0.008593 	 7.623597 
70.009543 	 -90.497959 	 40.074369 	 0.557126 	 -0.718514 	 0.318479 	 -0.022016 	 0.464040 
550.647181 	 281.087567 	 572.861564 	 4.043876 	 2.064302 	 4.206232 	 -0.006330 	 19.153332 
214.300630 	 168.232456 	 52.691296 	 1.563096 	 1.226885 	 0.384204 	 -0.014224 	 2.048063 
684.269280 	 44.749942 	 -858.870216 	 5.029140 	 0.329300 	 -6.311274 	 -0.004514 	 32.616431 
48.313153 	 -85.265055 	 39.315971 	 0.331231 	 -0.582780 	 0.268992 	 -0.022885 	 0.260852 
31.267715 	 -41.147136 	 -55.605700 	 0.210898 	 -0.276116 	 -0.373633 	 -0.027671 	 0.130160 
-6.376947 	 70.457625 	 -160.366267 	 -0.047288 	 0.532365 	 -1.210546 	 -0.016782 	 0.875535 
14.773801 	 18.925536 	 50.405477 	 0.126789 	 0.161717 	 0.429391 	 -0.034656 	 0.113302 
26.187796 	 -53.258858 	 179.609266 	 0.189246 	 -0.382774 	 1.292449 	 -0.017127 	 0.926377 
146.212858 	 560.155380 	 -45.010104 	 1.064253 	 4.074560 	 -0.327287 	 -0.008242 	 8.920894 
355.343909 	 247.345734 	 989.127972 	 2.611693 	 1.817812 	 7.267624 	 -0.004561 	 31.471870 
2.033561 	 0.584156 	 -0.109976 	 -0.299613 	 -0.090232 	 0.013834 	 -0.114893 	 0.049051 
196.233977 	 413.124539 	 429.315535 	 1.432742 	 3.015020 	 3.132790 	 -0.007828 	 10.478734 
64.415048 	 30.302415 	 -37.631627 	 0.662724 	 0.311856 	 -0.386378 	 -0.029623 	 0.342873 
213.746020 	 -200.682958 	 126.738725 	 1.559578 	 -1.463036 	 0.924328 	 -0.012701 	 2.713570 
19.459257 	 28.764268 	 327.398675 	 0.142179 	 0.209406 	 2.378416 	 -0.011818 	 2.860463 
778.286694 	 -186.294614 	 -188.551542 	 5.715188 	 -1.367360 	 -1.384309 	 -0.006255 	 18.224680 
135.204960 	 47.645732 	 -134.525816 	 0.975690 	 0.343992 	 -0.969901 	 -0.016925 	 1.005505 
-15.161034 	 51.768866 	 -35.162769 	 -0.099784 	 0.343694 	 -0.233093 	 -0.031022 	 0.091208 
-0.454097 	 0.538396 	 0.899589 	 0.094032 	 -0.165587 	 -0.250973 	 -0.121052 	 0.049624 
-12.463669 	 67.564315 	 303.239982 	 -0.091071 	 0.498663 	 2.236099 	 -0.012258 	 2.628550 
888.201714 	 428.690085 	 91.649538 	 6.524413 	 3.149062 	 0.673219 	 -0.005612 	 26.468892 
405.286762 	 -76.300584 	 172.420089 	 2.973317 	 -0.559153 	 1.264658 	 -0.010518 	 5.376312 
47.710844 	 -83.871201 	 7.450523 	 0.387969 	 -0.679897 	 0.060530 	 -0.023945 	 0.308222 
15.300547 	 332.367257 	 -282.204514 	 0.112810 	 2.433014 	 -2.065343 	 -0.009511 	 5.098964 
703.993576 	 -256.119468 	 361.079356 	 5.170410 	 -1.880284 	 2.651565 	 -0.006244 	 18.649702 
47.993409 	 124.788811 	 -116.446811 	 0.352965 	 0.916054 	 -0.854311 	 -0.018208 	 0.846794 
284.406132 	 -48.287693 	 193.390247 	 2.081195 	 -0.352758 	 1.414687 	 -0.012573 	 3.228576 
31.848534 	 -27.282374 	 2.827041 	 0.158189 	 -0.134722 	 0.014046 	 -0.038134 	 0.021686 
258.177814 	 -135.841155 	 360.221223 	 1.876614 	 -0.986503 	 2.617270 	 -0.009788 	 5.672485 
407.572431 	 609.514270 	 65.511233 	 2.970937 	 4.442184 	 0.477481 	 -0.007085 	 14.393725 
263.468234 	 656.627835 	 -317.902317 	 1.935111 	 4.821164 	 -2.333835 	 -0.006424 	 16.217530 
4.012644 	 -0.087398 	 -32.318289 	 0.068328 	 -0.000416 	 -0.535072 	 -0.041431 	 0.145486 
483.894479 	 -216.493510 	 -142.214216 	 3.533656 	 -1.580128 	 -1.038203 	 -0.008666 	 8.030698 
7.264806 	 -1.143743 	 17.343209 	 -0.004547 	 0.000666 	 -0.010695 	 -0.055774 	 0.000068 
2.675863 	 0.617053 	 1.720530 	 -0.210001 	 -0.051156 	 -0.130375 	 -0.101544 	 0.031857 
38.617937 	 -3.591611 	 99.742727 	 0.266081 	 -0.024246 	 0.685306 	 -0.025024 	 0.270515 
238.092499 	 -104.083352 	 213.965150 	 1.720142 	 -0.751162 	 1.545175 	 -0.012671 	 2.955350 
344.125604 	 277.107091 	 280.085519 	 2.528991 	 2.036259 	 2.057762 	 -0.009534 	 7.388264 
595.510689 	 -51.043294 	 -33.836515 	 4.350814 	 -0.372398 	 -0.247084 	 -0.008494 	 9.564657 
768.641648 	 510.132288 	 176.690257 	 5.645400 	 3.746647 	 1.297616 	 -0.005883 	 23.795856 
112.524489 	 -68.441968 	 -181.233458 	 0.807818 	 -0.490408 	 -1.299700 	 -0.014697 	 1.291145 
81.791202 	 -69.777685 	 -106.273485 	 0.582187 	 -0.495547 	 -0.755330 	 -0.019170 	 0.577516 
62.902249 	 184.616753 	 -414.145659 	 0.461201 	 1.351644 	 -3.031003 	 -0.009013 	 5.613314 
615.371949 	 75.372864 	 323.444763 	 4.504151 	 0.552039 	 2.367066 	 -0.007673 	 13.097563 
0.741548 	 0.558635 	 1.253689 	 -0.167168 	 -0.121472 	 -0.247381 	 -0.116959 	 0.051949 
83.333331 	 -5.270910 	 1.374003 	 0.625055 	 -0.039015 	 0.010373 	 -0.028632 	 0.196162 
-12.439430 	 102.891659 	 -200.563062 	 -0.089451 	 0.747122 	 -1.455379 	 -0.015222 	 1.342161 
6.914787 	 53.125205 	 -65.227650 	 0.046342 	 0.350723 	 -0.430045 	 -0.027684 	 0.155046 
177.586378 	 157.962686 	 -223.552304 	 1.278371 	 1.136833 	 -1.608159 	 -0.012308 	 2.756399 
456.363262 	 386.937401 	 310.143765 	 3.318795 	 2.813668 	 2.254969 	 -0.007726 	 12.008005 
245.878032 	 199.331008 	 -184.239874 	 1.777987 	 1.441185 	 -1.331580 	 -0.011689 	 3.505679 
222.361868 	 -221.603991 	 -0.800803 	 1.609319 	 -1.602568 	 -0.005714 	 -0.012354 	 2.579082 
204.014072 	 131.559964 	 -53.629729 	 1.484184 	 0.957010 	 -0.389857 	 -0.014957 	 1.635329 
16.088981 	 8.154410 	 104.460276 	 0.112526 	 0.057067 	 0.725574 	 -0.024469 	 0.271188 
79.739922 	 -59.452963 	 137.996972 	 0.622965 	 -0.463330 	 1.076655 	 -0.018879 	 0.880973 
-58.686802 	 155.509125 	 504.289069 	 -0.429596 	 1.141001 	 3.698665 	 -0.007973 	 7.583281 
77.547810 	 -92.910257 	 1.450189 	 0.582389 	 -0.696280 	 0.010957 	 -0.022545 	 0.412051 
186.739796 	 -257.591608 	 -119.050444 	 1.367083 	 -1.884179 	 -0.870937 	 -0.010958 	 3.088788 
74.564268 	 -26.262118 	 -78.184774 	 0.562910 	 -0.197492 	 -0.589267 	 -0.024051 	 0.351553 
471.164481 	 -171.491384 	 315.937885 	 3.451362 	 -1.255447 	 2.313825 	 -0.008445 	 9.420914 
31.917205 	 98.150789 	 62.161901 	 0.233367 	 0.715565 	 0.452981 	 -0.023971 	 0.385843 
126.961642 	 218.292437 	 353.567107 	 0.931550 	 1.600699 	 2.591984 	 -0.010239 	 5.074202 
4.460573 	 4.212301 	 -30.402294 	 0.019346 	 0.018082 	 -0.128557 	 -0.042630 	 0.008614 
35.956395 	 -73.627752 	 257.475668 	 0.263462 	 -0.537345 	 1.880762 	 -0.013407 	 1.947709 
531.371175 	 396.757436 	 -548.881803 	 3.903011 	 2.914088 	 -4.030692 	 -0.005837 	 19.985942 
-71.278776 	 130.047751 	 35.884539 	 -0.500551 	 0.915141 	 0.252474 	 -0.018636 	 0.575889 
310.822506 	 -213.883739 	 -177.865540 	 2.262316 	 -1.555730 	 -1.294042 	 -0.010154 	 4.606457 
67.930265 	 28.385969 	 47.097668 	 0.494531 	 0.206759 	 0.342380 	 -0.028613 	 0.202267 
0.798963 	 -4.693418 	 6.897977 	 0.040732 	 -0.206850 	 0.308585 	 -0.064964 	 0.069835 
139.323425 	 69.627588 	 258.412259 	 1.018002 	 0.508794 	 1.886704 	 -0.013740 	 2.427426 
-110.366861 	 199.128706 	 116.521359 	 -0.801155 	 1.447412 	 0.846776 	 -0.013503 	 1.726940 
-20.575815 	 84.475480 	 85.073181 	 -0.170316 	 0.703624 	 0.708170 	 -0.022503 	 0.512800 
362.199880 	 632.890833 	 67.406672 	 2.653177 	 4.635046 	 0.493691 	 -0.007056 	 14.383365 
58.123942 	 66.331464 	 10.719413 	 0.406510 	 0.463447 	 0.074900 	 -0.028800 	 0.192822 
557.522977 	 -320.940008 	 128.172555 	 4.092064 	 -2.354676 	 0.940640 	 -0.007563 	 11.587146 
213.344444 	 232.310413 	 1.403299 	 1.559343 	 1.697523 	 0.010331 	 -0.013009 	 2.656620 
1048.779466 	 28.574502 	 -23.777208 	 7.704907 	 0.210359 	 -0.174582 	 -0.005116 	 29.720161 
135.953907 	 174.752904 	 -221.026985 	 0.978329 	 1.256932 	 -1.589119 	 -0.012517 	 2.531151 
54.584767 	 25.819491 	 48.714429 	 0.415346 	 0.196533 	 0.369994 	 -0.030748 	 0.174017 
-2.790427 	 119.174284 	 120.621326 	 -0.020325 	 0.905131 	 0.915726 	 -0.019072 	 0.829115 
2.463050 	 -8.796788 	 34.457799 	 0.025751 	 -0.087315 	 0.344569 	 -0.038936 	 0.063507 
16.460974 	 118.490075 	 319.477339 	 0.120792 	 0.864017 	 2.328450 	 -0.011721 	 3.091399 
3.608522 	 -0.388301 	 0.046410 	 0.052360 	 -0.004587 	 0.000806 	 -0.093728 	 0.001382 
647.770293 	 -335.940073 	 295.592857 	 4.757129 	 -2.466207 	 2.170491 	 -0.006416 	 16.711744 
90.085288 	 -1.661720 	 137.657170 	 0.704814 	 -0.012498 	 1.075745 	 -0.020023 	 0.827073 
732.507276 	 136.935397 	 -132.832166 	 5.369134 	 1.004011 	 -0.973404 	 -0.007137 	 15.391575 
-66.418737 	 101.114977 	 75.620427 	 -0.468834 	 0.715403 	 0.534773 	 -0.019173 	 0.508794 
722.058842 	 -458.179579 	 528.476213 	 5.306359 	 -3.366144 	 3.883206 	 -0.004890 	 27.283832 
126.783811 	 -144.479671 	 -82.549938 	 0.912519 	 -1.038511 	 -0.593541 	 -0.015565 	 1.131744 
19.001316 	 -6.158254 	 20.979524 	 0.107492 	 -0.034282 	 0.118043 	 -0.046690 	 0.013332 
35.750725 	 20.836477 	 31.386299 	 0.294204 	 0.171441 	 0.257564 	 -0.037470 	 0.091144 
759.012724 	 -3.198103 	 -647.553082 	 5.576452 	 -0.023035 	 -4.756773 	 -0.005127 	 26.862120 
23.586393 	 -3.926462 	 -13.606034 	 0.055166 	 -0.008995 	 -0.031646 	 -0.048629 	 0.002063 
11.936428 	 -5.192623 	 24.244733 	 0.143775 	 -0.061216 	 0.289421 	 -0.047018 	 0.054091 
495.796078 	 445.094239 	 -297.353543 	 3.631909 	 3.260211 	 -2.177661 	 -0.007062 	 14.280972 
10.292442 	 16.974353 	 1.675173 	 0.076709 	 0.125595 	 0.012430 	 -0.054091 	 0.010906 
179.437260 	 1060.221393 	 -278.885188 	 1.319385 	 7.791257 	 -2.049245 	 -0.004433 	 33.321932 
269.807612 	 252.475503 	 -122.685909 	 1.976714 	 1.849414 	 -0.898388 	 -0.011367 	 4.067415 
638.120407 	 384.724894 	 978.763062 	 4.689993 	 2.827570 	 7.192420 	 -0.004126 	 40.861048 
-10.841905 	 146.533188 	 57.898985 	 -0.076480 	 1.044989 	 0.412804 	 -0.019856 	 0.634129 
-111.782450 	 262.793889 	 271.529461 	 -0.818007 	 1.925487 	 1.989101 	 -0.010228 	 4.166580 
333.071325 	 427.843595 	 98.367328 	 2.447237 	 3.142967 	 0.722587 	 -0.008862 	 8.194672 
22.208593 	 -3.492112 	 5.361279 	 0.098932 	 -0.015201 	 0.023810 	 -0.052779 	 0.005293 
36.101196 	 185.810679 	 -13.937157 	 0.260878 	 1.338984 	 -0.100322 	 -0.018172 	 0.935501 
5.122441 	 137.856952 	 -4.100731 	 0.037282 	 0.982140 	 -0.029124 	 -0.021380 	 0.483419 
-50.697346 	 199.731112 	 -25.671636 	 -0.357491 	 1.411985 	 -0.181350 	 -0.016258 	 1.077194 
340.970128 	 426.985870 	 562.526491 	 2.502356 	 3.133039 	 4.127055 	 -0.006605 	 16.555149 
189.493770 	 118.102311 	 -393.312413 	 1.384496 	 0.862830 	 -2.871861 	 -0.009553 	 5.454445 
-52.837293 	 206.594683 	 676.990666 	 -0.387165 	 1.517523 	 4.971354 	 -0.006261 	 13.583567 
181.886385 	 -169.619492 	 -48.278660 	 1.321177 	 -1.230856 	 -0.350388 	 -0.014407 	 1.691644 
101.528510 	 288.871805 	 -73.805255 	 0.732872 	 2.083318 	 -0.532084 	 -0.013181 	 2.580215 
49.909996 	 -20.173519 	 4.957391 	 0.525172 	 -0.211140 	 0.052160 	 -0.035299 	 0.161553 
848.401486 	 -527.139482 	 -120.559551 	 6.234411 	 -3.872669 	 -0.885725 	 -0.004920 	 27.324977 
627.525798 	 86.335612 	 486.700212 	 4.604440 	 0.633826 	 3.570576 	 -0.006702 	 17.175807 
106.116102 	 -128.580560 	 -94.287291 	 0.779795 	 -0.943413 	 -0.692054 	 -0.016277 	 0.988523 
-1.390949 	 0.568902 	 9.441698 	 0.014344 	 -0.007085 	 -0.106095 	 -0.067517 	 0.005756 
7.029135 	 8.120148 	 8.179524 	 0.237077 	 0.271610 	 0.271874 	 -0.061208 	 0.101947 
-28.174570 	 139.067749 	 -29.973897 	 -0.195909 	 0.971322 	 -0.209184 	 -0.020186 	 0.512803 
617.601178 	 -130.258631 	 -80.996073 	 4.523560 	 -0.953436 	 -0.593060 	 -0.007977 	 10.861679 
-15.931578 	 80.005343 	 28.400543 	 -0.167961 	 0.850154 	 0.301671 	 -0.027356 	 0.420989 
281.552706 	 857.229605 	 286.892450 	 2.068759 	 6.296579 	 2.107228 	 -0.005356 	 24.183538 
40.250028 	 -7.529730 	 13.464240 	 0.204433 	 -0.037821 	 0.068249 	 -0.039602 	 0.023941 
-20.805716 	 94.810557 	 166.634326 	 -0.166299 	 0.762455 	 1.339261 	 -0.017381 	 1.201307 
-18.607263 	 76.131291 	 168.061334 	 -0.131836 	 0.543142 	 1.198094 	 -0.017705 	 0.873907 
67.165046 	 -40.198906 	 162.927380 	 0.486018 	 -0.289948 	 1.177069 	 -0.018381 	 0.852887 
527.024475 	 74.333385 	 163.065655 	 3.871913 	 0.546449 	 1.197824 	 -0.009219 	 8.362551 
-25.689336 	 187.015609 	 -34.535506 	 -0.182940 	 1.338109 	 -0.246944 	 -0.017412 	 0.942492 
344.175797 	 258.242127 	 -191.175270 	 2.527050 	 1.895932 	 -1.403130 	 -0.009962 	 5.974657 
452.631411 	 70.617344 	 -41.010762 	 3.321627 	 0.518552 	 -0.300802 	 -0.010481 	 5.696292 
2.445542 	 -2.234329 	 -4.490815 	 -0.049333 	 0.041880 	 0.086381 	 -0.072593 	 0.005825 
906.922890 	 349.822421 	 -208.807577 	 6.662109 	 2.569877 	 -1.533596 	 -0.005551 	 26.669941 
959.583079 	 -288.707227 	 316.977045 	 7.050231 	 -2.120477 	 2.328694 	 -0.004931 	 29.812498 
221.526158 	 383.573694 	 -345.482058 	 1.618897 	 2.802155 	 -2.523392 	 -0.008389 	 8.420203 
292.045891 	 75.256344 	 -190.309465 	 2.104197 	 0.542463 	 -1.370576 	 -0.011860 	 3.300195 
-151.814323 	 805.856593 	 311.980299 	 -1.114583 	 5.921265 	 2.292268 	 -0.005344 	 20.779082 
7.207342 	 -1.298804 	 -35.902878 	 0.164445 	 -0.027777 	 -0.806287 	 -0.039644 	 0.338956 
43.803175 	 -4.797734 	 -4.784981 	 0.483495 	 -0.052135 	 -0.052561 	 -0.039420 	 0.119624 
-31.740282 	 192.690277 	 -51.979096 	 -0.240132 	 1.463487 	 -0.394572 	 -0.016651 	 1.177573 
20.137408 	 56.775913 	 119.645372 	 0.142768 	 0.400717 	 0.843592 	 -0.021851 	 0.446302 
479.171260 	 430.534617 	 764.794485 	 3.520662 	 3.163021 	 5.618005 	 -0.005166 	 26.980872 
371.301394 	 -86.605428 	 -363.253930 	 2.708798 	 -0.631176 	 -2.649203 	 -0.008550 	 7.377122 
778.769938 	 309.893319 	 167.405205 	 5.716623 	 2.274924 	 1.228753 	 -0.006530 	 19.682448 
-22.446404 	 52.299698 	 -38.604486 	 -0.139191 	 0.326342 	 -0.240532 	 -0.029250 	 0.091864 
534.779637 	 -201.868667 	 296.928563 	 3.914630 	 -1.476927 	 2.173161 	 -0.007955 	 11.114135 
374.036799 	 73.677890 	 -30.834608 	 2.704202 	 0.532964 	 -0.222781 	 -0.011828 	 3.823195 
655.497850 	 183.076622 	 204.759668 	 4.806062 	 1.342530 	 1.501104 	 -0.007614 	 13.576964 
208.246995 	 165.371824 	 215.409060 	 1.523825 	 1.209890 	 1.575457 	 -0.012569 	 3.133969 
331.254083 	 67.210596 	 191.676322 	 2.426896 	 0.492699 	 1.403896 	 -0.011759 	 4.051751 
-150.755858 	 374.509660 	 418.332184 	 -1.106693 	 2.751781 	 3.073344 	 -0.007520 	 9.121257 
-172.365623 	 788.541598 	 350.245227 	 -1.265170 	 5.792179 	 2.572579 	 -0.005305 	 20.884079 
209.166274 	 -34.514272 	 171.452679 	 1.524865 	 -0.251026 	 1.249330 	 -0.014768 	 1.974526 
-62.432507 	 378.297103 	 149.250815 	 -0.453397 	 2.752700 	 1.085932 	 -0.010240 	 4.481089 
42.546611 	 -34.566292 	 14.749113 	 0.267163 	 -0.216087 	 0.092437 	 -0.033225 	 0.063307 
287.663937 	 140.398297 	 -393.522360 	 2.106669 	 1.028241 	 -2.880699 	 -0.008937 	 6.896879 
39.643674 	 362.813617 	 154.098595 	 0.291284 	 2.658673 	 1.129109 	 -0.010910 	 4.214138 
735.266338 	 -527.537546 	 -309.783735 	 5.403184 	 -3.875614 	 -2.276050 	 -0.004981 	 24.697592 
788.699967 	 270.849591 	 113.529573 	 5.790126 	 1.988575 	 0.833421 	 -0.006649 	 19.087289 
-117.754371 	 243.279813 	 219.118102 	 -0.859524 	 1.777932 	 1.601024 	 -0.011076 	 3.231551 
58.661167 	 216.895195 	 -158.381301 	 0.419338 	 1.547933 	 -1.129930 	 -0.013591 	 1.924342 
6.791832 	 248.331206 	 55.996810 	 0.050216 	 1.806461 	 0.407320 	 -0.014760 	 1.715867 
35.402444 	 -46.694819 	 27.776497 	 0.308575 	 -0.405165 	 0.241430 	 -0.029912 	 0.158833 
27.002948 	 -18.885397 	 -53.276369 	 0.239108 	 -0.165982 	 -0.469695 	 -0.031673 	 0.152668 
904.062632 	 302.201576 	 -765.370406 	 6.644155 	 2.221126 	 -5.624093 	 -0.004157 	 40.354306 
61.660165 	 73.374721 	 -136.983302 	 0.443476 	 0.527212 	 -0.983340 	 -0.018685 	 0.720790 
723.258965 	 275.539232 	 -316.701919 	 5.310699 	 2.023353 	 -2.325015 	 -0.006482 	 18.851587 
9.808128 	 -19.072827 	 9.549958 	 0.073803 	 -0.141419 	 0.071123 	 -0.047661 	 0.015252 
59.556546 	 -62.278904 	 -37.801566 	 0.422294 	 -0.440320 	 -0.267453 	 -0.025440 	 0.221873 
109.867312 	 -112.628590 	 -67.956535 	 0.784148 	 -0.802586 	 -0.484446 	 -0.017829 	 0.746860 
68.405289 	 17.396594 	 107.719549 	 0.527090 	 0.134306 	 0.828737 	 -0.022925 	 0.491334 
68.590371 	 296.681696 	 -345.580497 	 0.502333 	 2.169681 	 -2.526676 	 -0.009242 	 5.671973 
28.900346 	 -2.396735 	 -2.831475 	 0.541998 	 -0.043610 	 -0.052692 	 -0.048335 	 0.149220 
5.621104 	 8.184053 	 -6.353959 	 0.020171 	 0.029008 	 -0.022313 	 -0.063156 	 0.000873 
324.142448 	 257.364380 	 276.170286 	 2.381487 	 1.890665 	 2.028406 	 -0.009877 	 6.680263 
28.415665 	 17.255166 	 70.096555 	 0.291270 	 0.176807 	 0.715779 	 -0.030586 	 0.314219 
15.568789 	 25.789933 	 14.237330 	 0.118428 	 0.195234 	 0.107601 	 -0.044768 	 0.031860 
501.691533 	 240.960599 	 -289.826011 	 3.659497 	 1.757702 	 -2.113528 	 -0.008001 	 10.474218 
-13.599098 	 68.497644 	 -27.555439 	 -0.106206 	 0.539924 	 -0.216919 	 -0.028956 	 0.174926 
298.314093 	 558.953186 	 212.839913 	 2.186817 	 4.096360 	 1.559730 	 -0.007524 	 11.997546 
102.487485 	 129.910817 	 -90.588965 	 0.842554 	 1.067338 	 -0.743826 	 -0.017558 	 1.201193 
131.438612 	 35.492881 	 239.604976 	 0.960647 	 0.259639 	 1.749779 	 -0.014682 	 2.025990 
274.965630 	 700.018881 	 786.485150 	 2.021268 	 5.144173 	 5.779146 	 -0.004596 	 31.973281 
119.452017 	 166.472902 	 -400.637475 	 0.874125 	 1.217518 	 -2.928932 	 -0.009559 	 5.412544 
346.421046 	 -172.924304 	 -187.609403 	 2.527467 	 -1.260780 	 -1.368262 	 -0.010123 	 4.924899 
-0.315035 	 2.356165 	 3.131513 	 -0.021944 	 0.262651 	 0.341270 	 -0.082759 	 0.092966 
-10.080144 	 66.114828 	 55.411943 	 -0.064824 	 0.430400 	 0.360457 	 -0.027160 	 0.159688 
116.365312 	 273.948634 	 -76.766370 	 0.850219 	 2.000110 	 -0.560268 	 -0.013291 	 2.518607 
1.862009 	 0.818460 	 1.422838 	 0.047257 	 0.021075 	 0.034305 	 -0.111026 	 0.001927 
115.802641 	 59.605848 	 -184.192637 	 0.821759 	 0.423004 	 -1.305717 	 -0.015214 	 1.279558 
64.138945 	 35.731254 	 -20.457018 	 0.676592 	 0.376917 	 -0.215304 	 -0.030477 	 0.323099 
7.491436 	 29.845123 	 12.037792 	 0.118070 	 0.464357 	 0.187073 	 -0.043442 	 0.132282 
91.859006 	 -36.014748 	 271.563230 	 0.668886 	 -0.261472 	 1.975080 	 -0.013629 	 2.208359 
562.208097 	 360.104766 	 564.357687 	 4.129281 	 2.644808 	 4.144316 	 -0.006127 	 20.610663 
-3.922569 	 2.967816 	 53.557670 	 -0.030222 	 0.024038 	 0.424960 	 -0.032524 	 0.091041 
67.442036 	 -112.565478 	 7.877562 	 0.588945 	 -0.980804 	 0.068771 	 -0.020802 	 0.656781 
484.527001 	 -74.663336 	 353.939378 	 3.539060 	 -0.544771 	 2.584705 	 -0.008446 	 9.751212 
208.154659 	 660.226275 	 -171.919310 	 1.527453 	 4.842613 	 -1.260791 	 -0.006943 	 13.686806 
14.740325 	 22.768807 	 -18.100082 	 0.074574 	 0.114628 	 -0.090820 	 -0.045773 	 0.013475 
233.066660 	 -160.971574 	 154.612108 	 1.704100 	 -1.175941 	 1.130000 	 -0.012914 	 2.781846 
-34.720335 	 141.665570 	 37.031864 	 -0.256752 	 1.051479 	 0.274820 	 -0.019956 	 0.623528 
27.201013 	 164.319130 	 -13.037102 	 0.210684 	 1.267939 	 -0.100477 	 -0.019572 	 0.831077 
37.537652 	 -27.109308 	 -43.351828 	 0.252434 	 -0.181340 	 -0.290585 	 -0.031930 	 0.090523 
-0.182600 	 -0.253496 	 -0.502466 	 -0.012468 	 -0.034238 	 -0.088032 	 -0.117568 	 0.004539 
16.711861 	 35.419306 	 16.253470 	 0.085810 	 0.180964 	 0.082951 	 -0.040079 	 0.023496 
55.836394 	 40.622652 	 -34.895592 	 0.484255 	 0.352138 	 -0.301936 	 -0.030235 	 0.224835 
105.235237 	 51.007781 	 187.705272 	 0.762225 	 0.369507 	 1.358181 	 -0.016552 	 1.281089 
1177.940410 	 -326.672324 	 -12.771614 	 8.656692 	 -2.400029 	 -0.093770 	 -0.004180 	 40.353627 
-2.257043 	 0.908064 	 15.001977 	 0.009613 	 -0.004351 	 -0.067309 	 -0.056230 	 0.002321 
-52.204367 	 152.827695 	 -212.532109 	 -0.378853 	 1.111946 	 -1.545635 	 -0.012683 	 1.884471 
15.711323 	 -7.680503 	 0.962507 	 0.332358 	 -0.160005 	 0.020444 	 -0.056667 	 0.068241 
427.134443 	 197.704767 	 -152.889062 	 3.074165 	 1.422989 	 -1.100001 	 -0.009747 	 6.342696 
32.249065 	 34.714777 	 -51.571135 	 0.223314 	 0.239979 	 -0.355792 	 -0.031876 	 0.117024 
-8.132866 	 89.449083 	 -107.356146 	 -0.056643 	 0.632205 	 -0.758163 	 -0.020157 	 0.488852 
3.810680 	 -3.582725 	 -15.009654 	 0.020328 	 -0.018239 	 -0.077705 	 -0.052249 	 0.003392 
60.999807 	 -52.278268 	 104.330295 	 0.447669 	 -0.382497 	 0.764329 	 -0.021504 	 0.465455 
549.607573 	 -135.281615 	 -260.956871 	 4.011493 	 -0.986740 	 -1.904210 	 -0.007877 	 10.345874 
44.446847 	 11.499036 	 48.503633 	 0.385777 	 0.100092 	 0.420015 	 -0.032928 	 0.167627 
-53.229888 	 262.187064 	 162.331362 	 -0.386140 	 1.906454 	 1.180167 	 -0.012816 	 2.588232 
313.963699 	 405.369485 	 -95.463845 	 2.305316 	 2.975861 	 -0.700623 	 -0.009225 	 7.330552 
394.284309 	 129.568231 	 -374.300169 	 2.880504 	 0.946764 	 -2.733644 	 -0.008465 	 8.333237 
12.373373 	 113.418583 	 139.232398 	 0.097807 	 0.888910 	 1.090710 	 -0.018691 	 0.994688 
75.283593 	 3.420086 	 -51.355752 	 0.663439 	 0.030643 	 -0.451800 	 -0.027977 	 0.322607 
18.442963 	 -34.131208 	 -29.278426 	 0.198415 	 -0.364293 	 -0.312953 	 -0.033126 	 0.135009 
262.829420 	 548.261117 	 -139.037578 	 1.926495 	 4.017392 	 -1.018605 	 -0.008009 	 10.444188 
25.934016 	 36.014967 	 -45.958199 	 0.265188 	 0.367308 	 -0.467797 	 -0.033507 	 0.212037 
779.296601 	 -155.322144 	 98.645330 	 5.721707 	 -1.139775 	 0.724243 	 -0.006586 	 17.280770 
-30.910930 	 52.047869 	 89.359843 	 -0.237853 	 0.402448 	 0.690212 	 -0.023178 	 0.347466 
37.663660 	 27.944620 	 50.629995 	 0.467347 	 0.346482 	 0.626494 	 -0.032623 	 0.365479 
205.695872 	 -122.696025 	 -503.297609 	 1.510009 	 -0.899757 	 -3.692588 	 -0.007412 	 8.362449 
-76.003762 	 220.763649 	 73.573081 	 -0.555430 	 1.616181 	 0.538546 	 -0.014571 	 1.605288 
135.171197 	 -75.356590 	 300.557959 	 0.979702 	 -0.545267 	 2.176661 	 -0.012233 	 2.997492 
586.605960 	 210.827507 	 304.101333 	 4.300695 	 1.545839 	 2.229166 	 -0.007738 	 12.927390 
7.299291 	 8.431793 	 -7.065264 	 0.263587 	 0.302058 	 -0.250861 	 -0.061723 	 0.111824 
979.236238 	 -455.403026 	 -244.028516 	 7.195880 	 -3.345668 	 -1.792947 	 -0.004516 	 33.094419 
373.698400 	 796.226136 	 853.816526 	 2.746812 	 5.851226 	 6.274029 	 -0.004077 	 40.572630 
20.152790 	 13.193695 	 9.399008 	 0.181287 	 0.118581 	 0.084176 	 -0.050235 	 0.027006 
2.009221 	 9.727843 	 18.070121 	 -0.001119 	 -0.005163 	 -0.009535 	 -0.052570 	 0.000059 
26.334782 	 43.115542 	 -380.125059 	 0.193484 	 0.315877 	 -2.780806 	 -0.009619 	 3.935049 
21.988658 	 6.793215 	 17.315213 	 0.362865 	 0.112554 	 0.284460 	 -0.049312 	 0.112628 
-139.781106 	 352.742443 	 446.010739 	 -1.024690 	 2.588390 	 3.272285 	 -0.007490 	 9.228800 
682.700884 	 -251.119056 	 -717.060629 	 5.017342 	 -1.844775 	 -5.268909 	 -0.004777 	 28.169162 
-26.738127 	 166.214844 	 139.736685 	 -0.198293 	 1.238361 	 1.040780 	 -0.016526 	 1.328041 
-100.900414 	 207.554780 	 -59.062268 	 -0.731851 	 1.507577 	 -0.428792 	 -0.013855 	 1.496129 
10.676227 	 1.717997 	 18.662213 	 0.150749 	 0.024875 	 0.260904 	 -0.053347 	 0.045708 
51.244199 	 246.520928 	 323.289725 	 0.374185 	 1.796589 	 2.355547 	 -0.010509 	 4.458175 
42.965937 	 -66.701861 	 -26.946127 	 0.402773 	 -0.623056 	 -0.251835 	 -0.025906 	 0.306923 
-26.549658 	 73.958502 	 -5.425911 	 -0.263695 	 0.738327 	 -0.054013 	 -0.027312 	 0.308790 
21.102595 	 9.251157 	 -6.390139 	 0.051982 	 0.022820 	 -0.015630 	 -0.052006 	 0.001734 
289.124271 	 222.541110 	 -174.142057 	 2.120330 	 1.631853 	 -1.276515 	 -0.011074 	 4.394117 
191.510389 	 535.448096 	 -43.367244 	 1.399498 	 3.911036 	 -0.316648 	 -0.008497 	 8.677531 
278.692569 	 -138.898963 	 -37.195230 	 2.038327 	 -1.015025 	 -0.271852 	 -0.012928 	 2.629478 
52.788662 	 -1.413043 	 -26.195876 	 0.327413 	 -0.008360 	 -0.162061 	 -0.034613 	 0.066767 
51.945429 	 50.179518 	 1.993997 	 0.447314 	 0.431705 	 0.017227 	 -0.031378 	 0.193378 
91.209995 	 26.308044 	 -89.580197 	 0.738106 	 0.213135 	 -0.723932 	 -0.022124 	 0.557152 
0.027070 	 61.530312 	 -15.990982 	 0.000885 	 0.389049 	 -0.100938 	 -0.032272 	 0.080774 
149.297482 	 232.792676 	 215.037176 	 1.093320 	 1.703930 	 1.573626 	 -0.012330 	 3.287512 
687.075028 	 -8.429308 	 322.631806 	 5.043569 	 -0.061409 	 2.368014 	 -0.007185 	 15.524427 
154.483907 	 -229.156384 	 156.555698 	 1.133091 	 -1.679105 	 1.147528 	 -0.012043 	 2.710055 
4.187234 	 1.825907 	 0.413655 	 -0.079533 	 -0.034923 	 -0.007852 	 -0.088057 	 0.003803 
696.419892 	 -313.307946 	 123.988158 	 5.113783 	 -2.299777 	 0.910372 	 -0.006586 	 16.134261 
280.016582 	 -423.937162 	 2.220789 	 2.054087 	 -3.108119 	 0.016364 	 -0.008322 	 6.939972 
-11.145425 	 97.137048 	 -90.332234 	 -0.077739 	 0.684907 	 -0.636441 	 -0.021120 	 0.440099 
14.042736 	 7.417560 	 -50.748987 	 0.093169 	 0.049231 	 -0.333945 	 -0.035341 	 0.061312 
319.762520 	 235.684016 	 527.905168 	 2.342222 	 1.726203 	 3.865555 	 -0.007772 	 11.704150 
15.474907 	 129.980012 	 47.309572 	 0.109989 	 0.917587 	 0.333896 	 -0.021626 	 0.482775 
296.324516 	 322.979252 	 642.777209 	 2.176441 	 2.371768 	 4.719344 	 -0.006541 	 16.317194 
671.385383 	 -294.057525 	 -563.026725 	 4.933064 	 -2.159793 	 -4.136113 	 -0.005229 	 23.053631 
11.251916 	 5.031084 	 -20.946193 	 0.171481 	 0.076852 	 -0.315885 	 -0.049564 	 0.067548 
31.414884 	 84.603649 	 -34.575774 	 0.214553 	 0.576167 	 -0.235220 	 -0.026442 	 0.216665 
287.693085 	 26.762055 	 95.342815 	 2.101328 	 0.195850 	 0.696196 	 -0.013596 	 2.469313 
66.015498 	 97.340258 	 163.683278 	 0.476924 	 0.702476 	 1.180576 	 -0.017253 	 1.057344 
21.089417 	 4.541120 	 16.755368 	 0.049970 	 0.010849 	 0.039515 	 -0.050276 	 0.002088 
154.804740 	 -62.108020 	 -289.445744 	 1.135552 	 -0.454797 	 -2.121567 	 -0.011357 	 2.998682 
6.002891 	 -69.668496 	 184.079847 	 0.044144 	 -0.502414 	 1.328757 	 -0.015922 	 1.009982 
-51.991937 	 323.164118 	 101.727752 	 -0.378095 	 2.355684 	 0.741474 	 -0.011756 	 3.120993 
571.422025 	 646.194140 	 -86.698510 	 4.193027 	 4.741216 	 -0.635978 	 -0.006213 	 20.232538 
250.855154 	 -205.502424 	 94.488274 	 1.836126 	 -1.503035 	 0.691372 	 -0.012282 	 3.054234 
24.940799 	 82.686594 	 -76.587225 	 0.178558 	 0.589752 	 -0.545760 	 -0.023833 	 0.338772 
406.914780 	 179.227540 	 159.819678 	 2.930699 	 1.290931 	 1.150819 	 -0.010385 	 5.789942 
452.117519 	 194.507230 	 277.147922 	 3.322888 	 1.429653 	 2.036500 	 -0.009062 	 8.616412 
261.145663 	 91.644057 	 -247.058053 	 1.883761 	 0.661233 	 -1.781292 	 -0.011353 	 3.579392 
45.863096 	 197.339790 	 -3.502943 	 0.326919 	 1.403656 	 -0.024831 	 -0.017337 	 1.038872 
69.203902 	 -20.747228 	 -35.570585 	 0.480320 	 -0.143333 	 -0.246406 	 -0.029354 	 0.155984 
113.497411 	 17.251091 	 366.672932 	 0.830601 	 0.126578 	 2.680812 	 -0.011113 	 3.946336 
-0.941707 	 20.846381 	 30.045193 	 -0.008593 	 0.216802 	 0.311651 	 -0.039757 	 0.072102 
677.736245 	 67.155763 	 -313.972510 	 4.974934 	 0.493333 	 -2.304257 	 -0.006946 	 15.151473 
-47.508811 	 266.984323 	 146.617948 	 -0.346325 	 1.951330 	 1.071428 	 -0.013133 	 2.537794 
727.174408 	 -234.330122 	 -43.097058 	 5.338861 	 -1.719710 	 -0.316287 	 -0.006743 	 15.780437 
114.395925 	 126.460686 	 -345.388999 	 0.837234 	 0.925076 	 -2.525240 	 -0.010507 	 3.966781 
7.427300 	 58.395607 	 -10.899732 	 0.121257 	 0.940074 	 -0.175106 	 -0.033385 	 0.464552 
-1.197051 	 650.948156 	 -43.051093 	 -0.007955 	 4.777348 	 -0.315845 	 -0.007053 	 11.461439 
78.417256 	 -125.731986 	 90.366107 	 0.634976 	 -1.016135 	 0.730766 	 -0.017513 	 0.984872 
131.656037 	 -64.329157 	 14.351515 	 1.008229 	 -0.491737 	 0.109894 	 -0.020910 	 0.635204 
48.062684 	 -58.286044 	 -74.296879 	 0.345179 	 -0.417174 	 -0.532260 	 -0.023367 	 0.288242 
-9.164304 	 305.929274 	 -2.425776 	 -0.066068 	 2.233512 	 -0.017627 	 -0.012778 	 2.496625 
199.616015 	 310.500614 	 -75.621587 	 1.462646 	 2.274300 	 -0.553709 	 -0.011506 	 3.809185 
127.626032 	 32.497049 	 170.429414 	 0.924644 	 0.235682 	 1.233739 	 -0.016906 	 1.216313 
54.982910 	 -30.718429 	 -109.539429 	 0.375886 	 -0.209148 	 -0.747248 	 -0.021434 	 0.371707 
50.121415 	 27.520695 	 10.689075 	 0.295741 	 0.162387 	 0.062993 	 -0.035876 	 0.058900 
3.817638 	 1.062437 	 11.539055 	 0.075676 	 0.021654 	 0.222369 	 -0.066309 	 0.027822 
329.070045 	 -12.764316 	 -89.433417 	 2.407231 	 -0.092887 	 -0.653924 	 -0.012387 	 3.115503 
565.104910 	 -364.995988 	 147.185047 	 4.148551 	 -2.678517 	 1.080379 	 -0.007158 	 12.776074 
400.949773 	 -479.719261 	 224.735403 	 2.944787 	 -3.521861 	 1.650190 	 -0.006849 	 11.899201 
347.817230 	 34.427671 	 -37.056293 	 2.545964 	 0.252379 	 -0.271078 	 -0.012427 	 3.309555 
2.231111 	 3.443531 	 -4.382217 	 0.289966 	 0.433675 	 -0.540741 	 -0.073169 	 0.282278 
-18.947958 	 33.952769 	 19.655603 	 -0.169677 	 0.306429 	 0.177168 	 -0.035204 	 0.077039 
429.381926 	 155.470484 	 161.725945 	 3.152721 	 1.141693 	 1.187234 	 -0.010244 	 6.326320 
313.621343 	 740.430245 	 -200.555460 	 2.303657 	 5.437214 	 -1.472538 	 -0.006144 	 18.519247 
95.242336 	 171.299614 	 -610.280913 	 0.699922 	 1.257822 	 -4.479475 	 -0.006649 	 11.068851 
243.430407 	 300.624674 	 -621.842425 	 1.788000 	 2.207526 	 -4.565243 	 -0.006295 	 14.455778 
380.151621 	 -275.695248 	 -340.050562 	 2.789434 	 -2.021908 	 -2.494364 	 -0.007588 	 9.045452 
-27.869845 	 186.169453 	 137.573964 	 -0.200783 	 1.347134 	 0.995240 	 -0.015887 	 1.422794 
89.375569 	 -74.476636 	 15.208939 	 0.701945 	 -0.583704 	 0.119384 	 -0.023046 	 0.423845 
410.124425 	 -231.228769 	 196.358183 	 2.993265 	 -1.686688 	 1.432791 	 -0.009316 	 6.928721 
229.053547 	 -3.150095 	 210.147766 	 1.638952 	 -0.022083 	 1.503012 	 -0.013707 	 2.472848 
-9.117380 	 168.356447 	 45.809390 	 -0.075667 	 1.415270 	 0.385040 	 -0.018761 	 1.078485 
68.339014 	 -115.596276 	 16.843588 	 0.513478 	 -0.866653 	 0.126430 	 -0.020425 	 0.515366 
-163.774794 	 390.607004 	 -124.124884 	 -1.198863 	 2.861748 	 -0.909165 	 -0.008836 	 5.226727 
16.298110 	 98.928246 	 -93.989896 	 0.127979 	 0.771963 	 -0.732882 	 -0.021194 	 0.574711 
588.648155 	 110.056948 	 512.669946 	 4.318539 	 0.807720 	 3.760493 	 -0.006737 	 16.721752 
104.452187 	 693.883219 	 -670.165494 	 0.768164 	 5.097914 	 -4.923140 	 -0.004820 	 25.408058 
6.627392 	 -4.883642 	 1.158655 	 0.004101 	 -0.002933 	 0.000712 	 -0.068948 	 0.000013 
1.485843 	 0.886583 	 -0.174930 	 0.356552 	 0.211610 	 -0.036588 	 -0.117543 	 0.086623 
72.812945 	 -93.868614 	 150.353936 	 0.519884 	 -0.668739 	 1.071940 	 -0.017007 	 0.933273 
193.903442 	 -68.599456 	 -3.364503 	 1.401350 	 -0.495033 	 -0.024223 	 -0.017024 	 1.104713 
735.129591 	 301.719767 	 -197.581570 	 5.396132 	 2.214855 	 -1.450022 	 -0.006747 	 18.063194 
184.608702 	 292.242991 	 -125.350692 	 1.334779 	 2.112166 	 -0.905692 	 -0.011614 	 3.531580 
195.367917 	 60.019017 	 159.436369 	 1.425674 	 0.438183 	 1.162875 	 -0.015065 	 1.788414 
299.608574 	 253.193464 	 128.980272 	 2.196356 	 1.855855 	 0.945245 	 -0.011065 	 4.580833 
40.241745 	 136.238715 	 57.579222 	 0.287232 	 0.970148 	 0.409908 	 -0.020434 	 0.595858 
-1.894579 	 45.774087 	 16.931754 	 -0.010194 	 0.262258 	 0.096939 	 -0.035597 	 0.039140 
13.914868 	 17.746592 	 -78.939524 	 0.121380 	 0.154097 	 -0.682955 	 -0.027100 	 0.252454 
44.089182 	 121.941001 	 -165.898561 	 0.319932 	 0.883052 	 -1.200684 	 -0.015908 	 1.161889 
-17.307966 	 96.959690 	 -44.376276 	 -0.137577 	 0.776272 	 -0.354967 	 -0.024359 	 0.373763 
320.021407 	 240.978676 	 475.411708 	 2.328834 	 1.753465 	 3.458486 	 -0.008170 	 10.229616 
6.717605 	 -11.882681 	 0.821383 	 -0.024525 	 0.042440 	 -0.002988 	 -0.058204 	 0.001206 
641.793617 	 -71.127067 	 275.651178 	 4.701483 	 -0.520496 	 2.019017 	 -0.007655 	 13.225644 
56.626193 	 -23.921387 	 -0.129658 	 0.510111 	 -0.214504 	 -0.001068 	 -0.033131 	 0.153113 
174.659211 	 -182.253317 	 -52.509394 	 1.271422 	 -1.325392 	 -0.381913 	 -0.014079 	 1.759519 
-82.869677 	 219.804417 	 439.984151 	 -0.606831 	 1.612220 	 3.226358 	 -0.008468 	 6.688441 
14.334793 	 36.403786 	 -50.044363 	 0.092913 	 0.234513 	 -0.321764 	 -0.032701 	 0.083581 
376.177456 	 317.670585 	 554.581508 	 2.759974 	 2.330472 	 4.067763 	 -0.007104 	 14.797626 
522.810486 	 -314.115946 	 -37.992463 	 3.832930 	 -2.301954 	 -0.278398 	 -0.007828 	 10.033923 
-7.688769 	 63.258778 	 -62.010152 	 -0.057469 	 0.480342 	 -0.470315 	 -0.026562 	 0.227613 
31.562163 	 -59.031937 	 121.652031 	 0.224311 	 -0.417601 	 0.861570 	 -0.019999 	 0.483505 
60.290644 	 95.838937 	 -125.834499 	 0.458417 	 0.727817 	 -0.954905 	 -0.018659 	 0.825854 
70.188250 	 192.021284 	 -33.793396 	 0.508166 	 1.388459 	 -0.244194 	 -0.016897 	 1.122840 
-2.102848 	 16.016358 	 9.360131 	 -0.006349 	 0.051304 	 0.029901 	 -0.051574 	 0.001783 
557.777341 	 649.263332 	 -22.584071 	 4.095976 	 4.767286 	 -0.165730 	 -0.006294 	 19.765750 
890.073251 	 -526.768993 	 -177.010810 	 6.540340 	 -3.869798 	 -1.300447 	 -0.004737 	 29.721275 
-0.077612 	 0.033060 	 0.094764 	 -0.123652 	 -0.333435 	 -0.369329 	 -0.252498 	 0.131437 
99.957429 	 6.807713 	 -7.339621 	 0.679811 	 0.046670 	 -0.049787 	 -0.025949 	 0.233400 
1.130992 	 16.389245 	 5.958482 	 0.008344 	 0.110345 	 0.040038 	 -0.053588 	 0.006924 
34.493754 	 180.400310 	 -235.607746 	 0.252904 	 1.318809 	 -1.721727 	 -0.012394 	 2.383780 
190.333955 	 626.336780 	 340.178936 	 1.397854 	 4.597682 	 2.496946 	 -0.006736 	 14.663709 
-38.622109 	 95.901776 	 -63.354546 	 -0.304674 	 0.759243 	 -0.501159 	 -0.021769 	 0.460218 
-3.453747 	 17.099296 	 -6.317014 	 -0.002737 	 0.014060 	 -0.005166 	 -0.049404 	 0.000116 
44.695763 	 5.408591 	 90.106760 	 0.355526 	 0.043408 	 0.715021 	 -0.026278 	 0.319769 
8.740202 	 170.927155 	 179.923120 	 0.064271 	 1.241317 	 1.306250 	 -0.015723 	 1.625644 
34.806139 	 -53.329430 	 85.767678 	 0.239884 	 -0.365930 	 0.589274 	 -0.023224 	 0.269347 
316.334118 	 -174.702975 	 -13.505177 	 2.315472 	 -1.277861 	 -0.098739 	 -0.011743 	 3.502044 
-22.844004 	 32.669479 	 97.170696 	 -0.156771 	 0.225744 	 0.670241 	 -0.023523 	 0.262380 
0.046657 	 -1.166232 	 9.859206 	 0.000077 	 -0.000531 	 0.004751 	 -0.067811 	 0.000011 
157.830359 	 -58.589969 	 -38.274534 	 1.169239 	 -0.433275 	 -0.283262 	 -0.018734 	 0.817542 
243.336037 	 566.442785 	 -49.424924 	 1.770242 	 4.119348 	 -0.359315 	 -0.008089 	 10.115949 
790.878427 	 650.220964 	 265.240628 	 5.810230 	 4.776658 	 1.948406 	 -0.005146 	 30.185762 
773.143936 	 222.107918 	 352.081436 	 5.673092 	 1.629979 	 2.583168 	 -0.006234 	 20.756781 
951.465921 	 220.801501 	 -345.059034 	 6.989846 	 1.622361 	 -2.534560 	 -0.005324 	 28.957001 
5.697547 	 -7.929426 	 -3.271070 	 -0.067835 	 0.091845 	 0.038061 	 -0.063556 	 0.007243 
96.332522 	 89.710458 	 230.408138 	 0.701908 	 0.653345 	 1.676936 	 -0.014645 	 1.865824 
182.188184 	 -78.787918 	 170.339573 	 1.326606 	 -0.572886 	 1.239640 	 -0.014938 	 1.812395 
-6.184784 	 -0.449068 	 33.773563 	 -0.082505 	 -0.005255 	 0.459073 	 -0.038643 	 0.108791 
-24.396000 	 52.434741 	 154.137341 	 -0.176223 	 0.380973 	 1.118659 	 -0.018412 	 0.713796 
206.378452 	 -4.165489 	 -151.078741 	 1.634252 	 -0.032474 	 -1.195609 	 -0.014380 	 2.050658 
481.522086 	 299.087742 	 417.600994 	 3.516957 	 2.184430 	 3.049452 	 -0.007532 	 13.219938 
7.481811 	 -5.759402 	 -4.676691 	 0.354723 	 -0.266089 	 -0.217923 	 -0.066071 	 0.122061 
444.438831 	 345.045008 	 -46.311215 	 3.265778 	 2.535237 	 -0.340133 	 -0.008860 	 8.604211 
2.080759 	 37.329398 	 -17.776679 	 0.033693 	 0.574290 	 -0.272861 	 -0.038504 	 0.202699 
816.868867 	 128.391123 	 -635.898323 	 6.001658 	 0.943636 	 -4.671315 	 -0.004947 	 29.365766 
141.091488 	 -122.836500 	 317.118004 	 1.023653 	 -0.890044 	 2.299006 	 -0.011266 	 3.562736 
120.923392 	 965.259167 	 -334.588579 	 0.889320 	 7.092745 	 -2.458326 	 -0.004741 	 28.570644 
90.758880 	 17.283733 	 118.468958 	 0.815082 	 0.155587 	 1.062714 	 -0.021202 	 0.908964 
296.082512 	 -205.573446 	 182.769999 	 2.157940 	 -1.497257 	 1.331655 	 -0.010930 	 4.335895 
97.988460 	 -86.539059 	 121.994191 	 0.698709 	 -0.615915 	 0.868958 	 -0.018144 	 0.811317 
27.756973 	 -19.081452 	 13.735003 	 0.118995 	 -0.081205 	 0.058690 	 -0.041586 	 0.012099 
232.528020 	 36.371662 	 88.949606 	 1.654837 	 0.259164 	 0.632799 	 -0.015247 	 1.603043 
137.403902 	 17.464479 	 25.750849 	 0.979519 	 0.124841 	 0.183498 	 -0.021346 	 0.504357 
158.120233 	 1.567725 	 -161.330500 	 1.146652 	 0.011812 	 -1.169018 	 -0.015360 	 1.340777 
66.486729 	 -18.328604 	 242.367244 	 0.491557 	 -0.134819 	 1.788936 	 -0.014807 	 1.730049 
401.719026 	 141.955554 	 253.975218 	 2.914014 	 1.029888 	 1.841862 	 -0.009965 	 6.472300 
23.131444 	 20.119603 	 36.177672 	 0.402203 	 0.349212 	 0.626178 	 -0.039029 	 0.337908 
726.569860 	 -68.741612 	 -818.711654 	 5.339887 	 -0.504677 	 -6.016063 	 -0.004565 	 32.481057 
491.301874 	 -212.779529 	 208.776232 	 3.574926 	 -1.547467 	 1.518876 	 -0.008699 	 8.740868 
948.179502 	 192.437085 	 -362.871652 	 6.965818 	 1.414032 	 -2.665446 	 -0.005312 	 28.813350 
102.554127 	 -98.662295 	 46.903876 	 0.718361 	 -0.689903 	 0.328262 	 -0.019986 	 0.549882 
17.231177 	 171.326562 	 181.272228 	 0.124432 	 1.229596 	 1.300580 	 -0.015663 	 1.609450 
335.857314 	 -267.287298 	 -33.409504 	 2.439399 	 -1.940256 	 -0.242499 	 -0.010065 	 4.887032 
1.587804 	 1.672776 	 2.768951 	 0.080529 	 0.082153 	 0.131620 	 -0.092327 	 0.015279 
24.047835 	 395.981782 	 359.026639 	 0.176708 	 2.896591 	 2.625932 	 -0.008607 	 7.658493 
24.671890 	 78.039032 	 34.190857 	 0.194393 	 0.612565 	 0.268251 	 -0.028150 	 0.242492 
666.180372 	 -102.356568 	 342.681280 	 4.886429 	 -0.750201 	 2.513219 	 -0.007217 	 15.378131 
33.599865 	 -12.500372 	 154.417548 	 0.240097 	 -0.088582 	 1.099814 	 -0.019508 	 0.637543 
24.347955 	 32.064339 	 26.305820 	 0.239925 	 0.315114 	 0.258127 	 -0.038319 	 0.111745 
0.265018 	 0.465254 	 0.525973 	 -0.170045 	 -0.237326 	 -0.241501 	 -0.133092 	 0.071781 
10.667154 	 149.907230 	 -102.508745 	 0.076857 	 1.069207 	 -0.730758 	 -0.017746 	 0.841558 
86.351461 	 -162.515547 	 172.618890 	 0.628137 	 -1.180173 	 1.254102 	 -0.013911 	 1.680067 
194.108083 	 -147.208344 	 -79.615811 	 1.395577 	 -1.057319 	 -0.572002 	 -0.014213 	 1.696374 
-13.237225 	 35.564830 	 21.710609 	 -0.226031 	 0.613584 	 0.374096 	 -0.036052 	 0.283762 
-177.764162 	 539.443098 	 -169.601144 	 -1.303642 	 3.959003 	 -1.244489 	 -0.007068 	 9.460971 
749.984930 	 281.769748 	 -277.402339 	 5.502840 	 2.067566 	 -2.034989 	 -0.006478 	 19.348625 
531.193918 	 77.675899 	 72.280225 	 3.901818 	 0.570895 	 0.530892 	 -0.009404 	 7.915974 
0.649487 	 -0.172231 	 0.148731 	 -0.345157 	 0.049763 	 -0.072247 	 -0.125814 	 0.063415 
347.418698 	 760.107619 	 571.274973 	 2.552873 	 5.584001 	 4.196510 	 -0.005048 	 27.654461 
28.252667 	 101.790531 	 -50.122065 	 0.208091 	 0.747196 	 -0.367617 	 -0.023735 	 0.368373 
618.204624 	 95.252634 	 -449.874136 	 4.535495 	 0.699156 	 -3.299846 	 -0.006575 	 15.974259 
11.119958 	 467.214766 	 -355.301629 	 0.082402 	 3.427839 	 -2.606333 	 -0.007548 	 9.274920 
171.816049 	 32.720561 	 350.598839 	 1.258979 	 0.240058 	 2.567397 	 -0.011256 	 4.117092 
141.027075 	 160.828624 	 -395.899908 	 1.029963 	 1.174094 	 -2.888981 	 -0.009632 	 5.392767 
27.320751 	 15.739213 	 5.346648 	 0.191880 	 0.110521 	 0.037472 	 -0.046326 	 0.025219 
-32.044110 	 96.669445 	 -25.874199 	 -0.272379 	 0.825140 	 -0.220619 	 -0.023666 	 0.401859 
69.280350 	 -26.352163 	 82.300236 	 0.477573 	 -0.180930 	 0.566475 	 -0.024352 	 0.290853 
371.841623 	 202.849092 	 323.718029 	 2.731903 	 1.490328 	 2.377699 	 -0.009346 	 7.668911 
-76.786660 	 405.432549 	 102.364880 	 -0.558465 	 2.953487 	 0.745670 	 -0.009838 	 4.795496 
16.371680 	 -42.544320 	 77.608305 	 0.134698 	 -0.347126 	 0.634236 	 -0.024794 	 0.270447 
80.208299 	 9.784723 	 -79.002707 	 0.616895 	 0.075629 	 -0.606684 	 -0.024281 	 0.377173 
28.321500 	 5.592900 	 -2.002930 	 0.255544 	 0.050824 	 -0.017903 	 -0.048936 	 0.034103 
-5.262307 	 74.892768 	 7.811015 	 -0.034116 	 0.496602 	 0.051822 	 -0.029428 	 0.125231 
544.200180 	 -85.980431 	 -127.955290 	 3.974975 	 -0.627437 	 -0.934344 	 -0.008761 	 8.533553 
6.885935 	 -15.603676 	 12.041832 	 0.112575 	 -0.249977 	 0.193863 	 -0.049528 	 0.056372 
-21.896736 	 36.129865 	 82.029149 	 -0.161874 	 0.268943 	 0.609637 	 -0.025307 	 0.235095 
13.312270 	 0.726982 	 64.130810 	 0.108689 	 0.006390 	 0.519284 	 -0.031332 	 0.140755 
-31.372277 	 93.507914 	 -83.642861 	 -0.215978 	 0.646498 	 -0.577833 	 -0.020834 	 0.399248 
169.636331 	 775.967855 	 24.860505 	 1.246320 	 5.697707 	 0.182609 	 -0.006195 	 17.025263 
42.516531 	 -9.078579 	 -114.044927 	 0.296834 	 -0.062781 	 -0.794032 	 -0.022026 	 0.361269 
6.042153 	 -0.666701 	 -0.298759 	 -0.153109 	 0.015034 	 0.007161 	 -0.078475 	 0.011860 
174.048629 	 -153.998931 	 54.604162 	 1.264442 	 -1.117606 	 0.396514 	 -0.015608 	 1.502540 
-2.527251 	 15.434298 	 73.185347 	 -0.017033 	 0.109333 	 0.516419 	 -0.028822 	 0.139466 
-43.185115 	 277.522199 	 -133.533949 	 -0.310715 	 2.002449 	 -0.963214 	 -0.012012 	 2.517063 
435.272745 	 346.459803 	 -361.214806 	 3.191161 	 2.539835 	 -2.647445 	 -0.007510 	 11.821618 
107.461220 	 -158.191510 	 175.509019 	 0.784757 	 -1.153558 	 1.280423 	 -0.013987 	 1.793011 
600.553068 	 244.233981 	 -229.313486 	 4.389171 	 1.785115 	 -1.675554 	 -0.007622 	 12.629471 
249.963054 	 108.021460 	 367.264580 	 1.834059 	 0.792687 	 2.693600 	 -0.010127 	 5.623804 
664.356117 	 -132.684064 	 324.210337 	 4.877111 	 -0.973425 	 2.379739 	 -0.007205 	 15.198463 
168.325603 	 -260.745923 	 81.303987 	 1.234044 	 -1.909865 	 0.595743 	 -0.011718 	 2.762679 
23.667968 	 52.554877 	 22.768880 	 0.143866 	 0.318315 	 0.137809 	 -0.033800 	 0.070507 
3.802160 	 3.891542 	 1.199570 	 0.144363 	 0.145791 	 0.044633 	 -0.080309 	 0.022044 
470.777747 	 80.997081 	 250.329912 	 3.460007 	 0.595608 	 1.839452 	 -0.009377 	 7.854992 
260.148710 	 368.426679 	 -463.500475 	 1.896470 	 2.685099 	 -3.377348 	 -0.007348 	 11.106417 
46.069308 	 499.764086 	 -115.434625 	 0.337299 	 3.650551 	 -0.843013 	 -0.008683 	 7.075484 
267.787188 	 570.531949 	 -78.167770 	 1.948246 	 4.149522 	 -0.568379 	 -0.007949 	 10.668626 
29.219592 	 -32.416790 	 35.858935 	 0.165847 	 -0.182933 	 0.202809 	 -0.032256 	 0.051051 
-81.520683 	 208.355323 	 53.838840 	 -0.651069 	 1.666848 	 0.430670 	 -0.015004 	 1.693875 
425.790611 	 -481.991414 	 278.856555 	 3.126591 	 -3.537879 	 2.047187 	 -0.006558 	 13.241566 
33.521572 	 -15.402103 	 -43.511320 	 0.199875 	 -0.091158 	 -0.258504 	 -0.034208 	 0.057542 
-35.243863 	 199.100881 	 31.394313 	 -0.257839 	 1.461736 	 0.230495 	 -0.016775 	 1.128140 
538.653520 	 -91.146290 	 181.238346 	 3.958118 	 -0.669160 	 1.331571 	 -0.008822 	 8.943778 
45.813485 	 -10.200666 	 -121.202423 	 0.361292 	 -0.079756 	 -0.953383 	 -0.021209 	 0.522916 
63.031600 	 1015.912852 	 -257.939938 	 0.463931 	 7.464488 	 -1.895035 	 -0.004610 	 29.762486 
88.800154 	 -89.168403 	 -19.921527 	 0.682879 	 -0.684361 	 -0.152920 	 -0.021619 	 0.479029 
-71.028319 	 123.945065 	 176.088469 	 -0.513606 	 0.898126 	 1.275403 	 -0.014841 	 1.348537 
687.876575 	 717.613667 	 72.032428 	 5.053191 	 5.271233 	 0.529148 	 -0.005678 	 26.800317 
-3.040221 	 9.899726 	 16.298650 	 -0.057676 	 0.196284 	 0.321351 	 -0.051781 	 0.072560 
421.748934 	 452.741106 	 -124.855724 	 3.076090 	 3.301706 	 -0.910331 	 -0.008039 	 10.596150 
-23.567362 	 492.779988 	 169.588531 	 -0.171101 	 3.595318 	 1.237239 	 -0.008602 	 7.243173 
311.707866 	 -73.828388 	 -75.980427 	 2.249639 	 -0.532187 	 -0.548084 	 -0.012566 	 2.822249 
-4.799774 	 8.694000 	 -3.338220 	 0.000091 	 -0.000170 	 0.000065 	 -0.057245 	 0.000000 
800.742275 	 241.004322 	 -0.183207 	 5.878344 	 1.769449 	 -0.001265 	 -0.006801 	 18.842941 
279.675490 	 -15.397973 	 -171.512655 	 2.008528 	 -0.110091 	 -1.231166 	 -0.012449 	 2.781037 
-69.136534 	 170.147942 	 -101.349962 	 -0.499945 	 1.232851 	 -0.734010 	 -0.015104 	 1.154319 
11.023559 	 55.671971 	 -40.786729 	 0.090900 	 0.454920 	 -0.332825 	 -0.031317 	 0.162994 
452.743405 	 638.418817 	 -302.108998 	 3.324874 	 4.687731 	 -2.218006 	 -0.006172 	 18.974581 
20.190673 	 -23.542960 	 -1.280913 	 0.429751 	 -0.496996 	 -0.026882 	 -0.042607 	 0.216207 
364.589013 	 -196.419962 	 277.384862 	 2.669816 	 -1.437444 	 2.030687 	 -0.009397 	 6.658924 
94.675441 	 155.442396 	 -361.841485 	 0.690155 	 1.132231 	 -2.634492 	 -0.010145 	 4.349403 
87.963147 	 426.974583 	 371.451421 	 0.644493 	 3.124824 	 2.718159 	 -0.008320 	 8.784143 
67.559675 	 319.190502 	 8.308778 	 0.494411 	 2.332438 	 0.060783 	 -0.012537 	 2.844201 
224.577645 	 164.830605 	 17.366280 	 1.637974 	 1.202054 	 0.126678 	 -0.014166 	 2.071969 
248.936696 	 -315.401429 	 -1.823036 	 1.822356 	 -2.307411 	 -0.013260 	 -0.010108 	 4.322652 
182.462346 	 76.773466 	 398.088706 	 1.339259 	 0.563620 	 2.920212 	 -0.010226 	 5.319460 
493.162232 	 -280.435151 	 211.422036 	 3.618656 	 -2.056809 	 1.551067 	 -0.008133 	 9.865470 
342.390280 	 -33.379124 	 -346.227553 	 2.485535 	 -0.241779 	 -2.512483 	 -0.009114 	 6.274455 
397.324546 	 945.881343 	 -100.346278 	 2.919636 	 6.949044 	 -0.737079 	 -0.004977 	 28.678386 
21.098908 	 3.625627 	 -20.686182 	 0.315383 	 0.054833 	 -0.307405 	 -0.047929 	 0.098485 
51.964374 	 -59.095599 	 -11.155774 	 0.341346 	 -0.386939 	 -0.073050 	 -0.027463 	 0.135788 
131.243852 	 -67.756488 	 210.884148 	 0.943911 	 -0.486440 	 1.515460 	 -0.014976 	 1.712105 
0.814337 	 5.561639 	 -1.867493 	 0.011583 	 0.070250 	 -0.023191 	 -0.072054 	 0.002804 
-173.638823 	 591.866694 	 378.760267 	 -1.274053 	 4.346033 	 2.780995 	 -0.006220 	 14.122573 
34.954835 	 140.920093 	 712.275821 	 0.257483 	 1.035154 	 5.229916 	 -0.006219 	 14.244931 
12.799345 	 -22.058463 	 20.840031 	 0.312353 	 -0.532094 	 0.504390 	 -0.041489 	 0.317549 
-2.929784 	 18.098294 	 -36.734466 	 -0.017981 	 0.115928 	 -0.234425 	 -0.037586 	 0.034359 
806.686220 	 -183.484943 	 -708.706308 	 5.928717 	 -1.347871 	 -5.207807 	 -0.004628 	 32.043849 
38.631397 	 207.787033 	 -101.399885 	 0.281215 	 1.508613 	 -0.735902 	 -0.015262 	 1.448273 
626.592286 	 -51.181211 	 445.335246 	 4.596892 	 -0.374958 	 3.266620 	 -0.006931 	 15.971410 
280.069009 	 -393.519713 	 -45.265250 	 2.053512 	 -2.883732 	 -0.331679 	 -0.008689 	 6.321416 
-212.648116 	 563.728066 	 254.096620 	 -1.560493 	 4.139508 	 1.865729 	 -0.006666 	 11.525802 
294.106242 	 -76.789826 	 858.135493 	 2.161785 	 -0.563758 	 6.305258 	 -0.005161 	 22.373706 
-23.606601 	 316.725485 	 -319.461987 	 -0.171372 	 2.310783 	 -2.330210 	 -0.009053 	 5.399482 
120.313963 	 338.208033 	 -339.520303 	 0.875257 	 2.458532 	 -2.467537 	 -0.009000 	 6.449596 
76.702283 	 -64.550670 	 -45.727225 	 0.531995 	 -0.446623 	 -0.316615 	 -0.023749 	 0.291368 
-5.081453 	 9.345375 	 21.838631 	 -0.013787 	 0.026105 	 0.060629 	 -0.046332 	 0.002274 
13.156183 	 37.957444 	 -34.315310 	 0.080683 	 0.231179 	 -0.208588 	 -0.036075 	 0.051731 
5.458932 	 11.550667 	 18.533679 	 0.002701 	 0.005629 	 0.008989 	 -0.051445 	 0.000060 
9.123397 	 58.018397 	 16.275210 	 0.090801 	 0.570978 	 0.160105 	 -0.033192 	 0.179947 
662.032212 	 -262.148722 	 -35.350317 	 4.859657 	 -1.923521 	 -0.259366 	 -0.007108 	 13.691735 
440.639043 	 98.729099 	 452.474839 	 3.219169 	 0.721554 	 3.304870 	 -0.007934 	 10.902929 
87.926251 	 -48.821839 	 -43.211712 	 0.970101 	 -0.537279 	 -0.476028 	 -0.024344 	 0.728184 
972.922109 	 326.646076 	 264.941245 	 7.147446 	 2.399842 	 1.946210 	 -0.005150 	 30.316478 
12.074231 	 -7.867445 	 7.739239 	 0.416829 	 -0.266953 	 0.265070 	 -0.057062 	 0.157636 
58.415169 	 -29.152399 	 -26.424500 	 0.369522 	 -0.183663 	 -0.166765 	 -0.030881 	 0.099045 
43.946588 	 440.283066 	 440.039522 	 0.323055 	 3.228719 	 3.226556 	 -0.007644 	 10.469827 
354.922741 	 -437.475277 	 4.955525 	 2.604557 	 -3.208880 	 0.036434 	 -0.007782 	 8.540976 
402.090786 	 45.599395 	 -511.742788 	 2.951489 	 0.335079 	 -3.755239 	 -0.007149 	 11.462692 
14.713002 	 4.278544 	 -19.172283 	 0.094185 	 0.027576 	 -0.121726 	 -0.050986 	 0.012224 
179.329155 	 -159.019901 	 50.906160 	 1.287796 	 -1.140785 	 0.365414 	 -0.015347 	 1.546669 
394.752996 	 168.353169 	 -70.745614 	 2.894884 	 1.234706 	 -0.518578 	 -0.010769 	 5.086888 
52.901291 	 48.897325 	 -17.750658 	 0.525651 	 0.485448 	 -0.175895 	 -0.030804 	 0.271453 
197.389701 	 257.892971 	 676.820951 	 1.450069 	 1.893914 	 4.969315 	 -0.006457 	 15.191849 
32.748390 	 3.224838 	 3.269292 	 0.180857 	 0.018091 	 0.018053 	 -0.045971 	 0.016681 
4.611118 	 1.119442 	 9.844169 	 -0.034476 	 -0.008624 	 -0.071921 	 -0.068296 	 0.003218 
401.900212 	 602.237265 	 336.565436 	 2.950977 	 4.421179 	 2.470638 	 -0.006493 	 17.179567 
701.160894 	 355.808217 	 32.985663 	 5.135909 	 2.606284 	 0.241656 	 -0.007055 	 16.614339 
-5.540012 	 685.046555 	 -547.949849 	 -0.039863 	 5.032296 	 -4.024749 	 -0.005229 	 20.762100 
-23.456983 	 54.079894 	 -1.261107 	 -0.241773 	 0.560748 	 -0.012949 	 -0.030782 	 0.186530 
672.600386 	 467.745821 	 -130.723644 	 4.938119 	 3.433992 	 -0.959510 	 -0.006594 	 18.548986 
179.724473 	 94.956085 	 119.931144 	 1.345912 	 0.711122 	 0.897652 	 -0.015795 	 1.561476 
345.059165 	 -15.396710 	 178.476053 	 2.477213 	 -0.110051 	 1.280955 	 -0.011712 	 3.894771 
