0.561368 	 0.126970 	 -7.118221 	 -0.008952 	 -0.003305 	 0.095255 	 -0.274621 	 0.004582 
0.426393 	 0.934881 	 -0.288642 	 0.071703 	 0.140749 	 -0.044445 	 -1.075679 	 0.013464 
146.066214 	 96.662902 	 -5.308585 	 1.052582 	 0.696914 	 -0.038549 	 -0.026044 	 0.797552 
184.218322 	 -58.175574 	 124.198967 	 1.325191 	 -0.417363 	 0.892571 	 -0.019001 	 1.363503 
16.447085 	 -7.314391 	 2.410581 	 0.016906 	 -0.007344 	 0.002415 	 -0.134377 	 0.000173 
2.797259 	 0.949839 	 1.826394 	 -0.149916 	 -0.055215 	 -0.091804 	 -0.484674 	 0.016976 
-0.354114 	 119.439832 	 -52.586211 	 -0.001697 	 0.837261 	 -0.368564 	 -0.031099 	 0.418424 
16.082645 	 2.745101 	 -26.096786 	 0.048874 	 0.008652 	 -0.078895 	 -0.089952 	 0.004344 
-61.776841 	 145.852768 	 128.451656 	 -0.440475 	 1.042699 	 0.917213 	 -0.020574 	 1.061260 
123.199284 	 56.559871 	 223.888983 	 0.891305 	 0.409699 	 1.617967 	 -0.017281 	 1.790048 
96.972343 	 -7.330487 	 -113.826887 	 0.687628 	 -0.051059 	 -0.806532 	 -0.027554 	 0.562966 
-0.129831 	 -0.051885 	 0.143575 	 -0.106116 	 0.410345 	 0.580600 	 -4.333534 	 0.258370 
-26.713335 	 -3.789133 	 6.820040 	 0.058854 	 0.008114 	 -0.014989 	 -0.084366 	 0.001877 
0.217582 	 0.659973 	 -0.479471 	 0.189761 	 0.450253 	 -0.302125 	 -1.265800 	 0.165008 
9.341983 	 9.236320 	 15.552273 	 0.049657 	 0.049154 	 0.081454 	 -0.123157 	 0.005758 
-0.162948 	 0.211387 	 0.323214 	 -0.104660 	 0.681421 	 0.569446 	 -2.316294 	 0.399779 
373.082942 	 16.911340 	 152.162299 	 2.725777 	 0.124407 	 1.111050 	 -0.011988 	 4.339885 
-0.103178 	 -0.131784 	 0.029871 	 -0.729938 	 0.863038 	 1.276454 	 -7.133038 	 1.453490 
87.180724 	 12.694322 	 13.622138 	 0.544823 	 0.079988 	 0.084740 	 -0.039773 	 0.155205 
150.577309 	 269.302119 	 277.856526 	 1.100889 	 1.968328 	 2.029607 	 -0.011615 	 4.602789 
66.393227 	 -70.750809 	 60.964091 	 0.446492 	 -0.474180 	 0.408990 	 -0.030371 	 0.295738 
-0.173036 	 -0.110750 	 0.067020 	 -0.862718 	 0.152617 	 0.310813 	 -4.929825 	 0.432089 
10.723131 	 -107.234810 	 171.873203 	 0.077492 	 -0.766076 	 1.228919 	 -0.018447 	 1.051560 
-24.664678 	 58.581787 	 4.999526 	 -0.317657 	 0.759486 	 0.064101 	 -0.050752 	 0.340917 
355.569130 	 22.618585 	 -61.596616 	 2.592380 	 0.165742 	 -0.449275 	 -0.014159 	 3.474875 
-93.008549 	 93.502237 	 -20.187084 	 -0.637633 	 0.642623 	 -0.138870 	 -0.028425 	 0.419413 
-0.341228 	 0.302049 	 -0.063690 	 -0.345067 	 0.637177 	 -0.163421 	 -1.979537 	 0.275886 
102.055738 	 86.971724 	 129.512698 	 0.778365 	 0.663522 	 0.986352 	 -0.023551 	 1.009502 
0.117026 	 -0.176627 	 0.357043 	 -0.118774 	 0.028571 	 -0.161983 	 -2.313302 	 0.020581 
18.422850 	 52.274243 	 75.567395 	 0.124766 	 0.352701 	 0.508377 	 -0.037208 	 0.199206 
139.251570 	 2.833102 	 -107.521525 	 1.013520 	 0.021488 	 -0.782277 	 -0.025474 	 0.819821 
-0.218498 	 0.000201 	 -0.430131 	 -0.175150 	 0.199924 	 -0.779936 	 -1.834074 	 0.339473 
-12.333565 	 49.163892 	 6.388523 	 -0.050182 	 0.202365 	 0.026046 	 -0.059604 	 0.022074 
-153.781335 	 194.828584 	 -11.660750 	 -1.108892 	 1.406777 	 -0.084469 	 -0.017290 	 1.607899 
-1.182564 	 12.672297 	 8.642550 	 0.001122 	 -0.013401 	 -0.009005 	 -0.147674 	 0.000131 
84.323657 	 238.369175 	 -27.635568 	 0.750629 	 2.120176 	 -0.246079 	 -0.020808 	 2.559572 
0.158957 	 -0.174187 	 0.206175 	 0.411789 	 -0.080005 	 0.245181 	 -2.647295 	 0.118042 
-0.810378 	 0.594410 	 1.128305 	 -0.108510 	 0.111216 	 0.168278 	 -0.880784 	 0.026231 
35.235622 	 4.825831 	 64.391551 	 0.283536 	 0.039685 	 0.516150 	 -0.044632 	 0.174189 
0.138877 	 -0.833602 	 -0.740076 	 -0.105559 	 0.299819 	 0.330565 	 -1.048687 	 0.105153 
-16.116699 	 9.672889 	 -12.073196 	 -0.210571 	 0.128862 	 -0.159434 	 -0.108801 	 0.043182 
-1.529269 	 0.346842 	 -1.717080 	 0.011293 	 -0.003732 	 0.014038 	 -0.615518 	 0.000169 
17.860792 	 29.156226 	 -5.268434 	 0.143166 	 0.233222 	 -0.042326 	 -0.081577 	 0.038340 
-74.680932 	 -15.721393 	 -16.258218 	 -0.442790 	 -0.092631 	 -0.096808 	 -0.039141 	 0.107008 
102.966099 	 224.972956 	 11.163469 	 0.769440 	 1.680252 	 0.082996 	 -0.020553 	 1.711086 
-0.605138 	 1.334545 	 2.886963 	 0.073218 	 -0.216112 	 -0.421797 	 -0.486604 	 0.114989 
-1.062516 	 0.277394 	 -1.416260 	 0.358062 	 -0.150265 	 0.550335 	 -0.755263 	 0.226828 
260.079587 	 51.375477 	 -117.571222 	 1.885435 	 0.373165 	 -0.852287 	 -0.017780 	 2.210255 
-0.184297 	 0.369009 	 -0.246552 	 -0.170900 	 1.156612 	 -0.687269 	 -1.825623 	 0.919648 
-0.238785 	 0.019333 	 0.213478 	 -0.750014 	 0.832333 	 0.995373 	 -2.897913 	 1.123033 
-1.095926 	 0.459083 	 -0.475218 	 -0.143231 	 0.084511 	 -0.075708 	 -1.015120 	 0.016694 
-0.116790 	 -0.118574 	 0.038773 	 -0.659636 	 0.398149 	 -0.819312 	 -9.016312 	 0.632457 
-1.146525 	 4.187550 	 -14.173366 	 -0.030400 	 0.126602 	 -0.417733 	 -0.162513 	 0.095726 
134.924181 	 33.883583 	 -92.594543 	 0.961860 	 0.242219 	 -0.659870 	 -0.026913 	 0.709637 
292.615718 	 -16.528876 	 -352.361293 	 2.141322 	 -0.120020 	 -2.577876 	 -0.010833 	 5.622555 
138.154216 	 55.754522 	 -171.031718 	 1.006483 	 0.406740 	 -1.245322 	 -0.021516 	 1.364637 
-21.120202 	 33.503453 	 -3.587702 	 -0.192993 	 0.308896 	 -0.033371 	 -0.070658 	 0.066888 
108.047076 	 62.482747 	 219.226865 	 0.780754 	 0.451914 	 1.582183 	 -0.017826 	 1.658553 
1.917695 	 -1.624453 	 -0.374708 	 0.001977 	 -0.001464 	 -0.000409 	 -0.596007 	 0.000003 
142.405042 	 -106.328188 	 -152.205096 	 1.028134 	 -0.766187 	 -1.098351 	 -0.018484 	 1.425238 
152.663385 	 136.455541 	 -188.161485 	 1.220555 	 1.091145 	 -1.503623 	 -0.018589 	 2.470616 
76.714331 	 170.893275 	 -151.787439 	 0.552613 	 1.230115 	 -1.092135 	 -0.021135 	 1.505662 
-39.164673 	 74.948228 	 44.974878 	 -0.287458 	 0.552568 	 0.330717 	 -0.038248 	 0.248669 
36.181223 	 214.888463 	 -72.616731 	 0.259224 	 1.535714 	 -0.518988 	 -0.021760 	 1.347482 
296.669961 	 245.324935 	 69.598766 	 2.165621 	 1.791027 	 0.507535 	 -0.013495 	 4.077643 
-0.115341 	 -0.103462 	 0.054877 	 -0.291433 	 1.494564 	 0.817868 	 -7.332098 	 1.493781 
198.086203 	 144.723080 	 -5.696798 	 1.426333 	 1.042375 	 -0.041321 	 -0.021119 	 1.561340 
4.748001 	 10.165152 	 -5.523598 	 -0.030106 	 -0.063725 	 0.034497 	 -0.179164 	 0.003079 
155.404151 	 195.956102 	 -140.833847 	 1.121535 	 1.414054 	 -1.015976 	 -0.018399 	 2.144799 
302.346759 	 276.153449 	 -99.478531 	 2.209150 	 2.017906 	 -0.726917 	 -0.012611 	 4.740349 
0.059137 	 0.233338 	 -0.116040 	 -0.698550 	 -1.450351 	 0.657917 	 -2.172578 	 1.512173 
2.774352 	 0.120803 	 5.933435 	 -0.246560 	 -0.020707 	 -0.503044 	 -0.285461 	 0.157137 
80.878435 	 270.614459 	 57.968582 	 0.612889 	 2.048779 	 0.438334 	 -0.017287 	 2.382633 
265.243387 	 101.133302 	 -25.507225 	 1.915470 	 0.730910 	 -0.184449 	 -0.018734 	 2.118639 
0.016477 	 -0.167523 	 0.103904 	 0.765488 	 -0.274139 	 0.351719 	 -3.793697 	 0.392415 
-0.109835 	 -0.113708 	 0.028932 	 0.120515 	 0.481190 	 -0.979595 	 -7.913104 	 0.602837 
103.638739 	 50.513617 	 -176.813220 	 0.738931 	 0.360634 	 -1.259618 	 -0.022523 	 1.131356 
112.496794 	 164.752460 	 62.623816 	 0.803910 	 1.177032 	 0.446749 	 -0.022561 	 1.115630 
-40.052315 	 36.962776 	 -141.765638 	 -0.279954 	 0.259935 	 -0.993991 	 -0.026202 	 0.566979 
249.634041 	 163.412226 	 -34.187420 	 1.920753 	 1.257711 	 -0.263275 	 -0.018274 	 2.670221 
17.903676 	 -9.442229 	 4.324543 	 -0.098903 	 0.051170 	 -0.023495 	 -0.119958 	 0.006476 
178.731992 	 18.712724 	 70.517893 	 1.347820 	 0.141941 	 0.531105 	 -0.023186 	 1.059419 
37.846493 	 40.252568 	 -91.644472 	 0.254130 	 0.270304 	 -0.613858 	 -0.035092 	 0.257234 
5.408861 	 -5.605232 	 -8.100121 	 0.218906 	 -0.217438 	 -0.322970 	 -0.193247 	 0.099754 
-100.962826 	 48.236222 	 -134.397081 	 -0.713375 	 0.342062 	 -0.950983 	 -0.022789 	 0.765140 
-0.039021 	 -0.012104 	 0.272616 	 0.436177 	 0.656057 	 1.364246 	 -2.836636 	 1.240913 
-129.594078 	 -4.421569 	 -6.166835 	 -0.886683 	 -0.029446 	 -0.042538 	 -0.026257 	 0.394442 
216.715198 	 316.460621 	 -34.059893 	 1.581765 	 2.309485 	 -0.248797 	 -0.013894 	 3.948800 
0.399379 	 3.825293 	 2.392560 	 -0.062472 	 -0.482343 	 -0.286898 	 -0.388301 	 0.159434 
18.511716 	 21.883156 	 -1.081800 	 0.131875 	 0.155818 	 -0.007979 	 -0.094682 	 0.020867 
235.710408 	 174.400234 	 1.111581 	 1.788441 	 1.323547 	 0.008089 	 -0.018540 	 2.475181 
5.140244 	 0.288926 	 4.369575 	 0.230833 	 0.018042 	 0.190071 	 -0.288443 	 0.044868 
0.249710 	 -0.058881 	 0.617043 	 -0.059579 	 -0.010333 	 -0.094281 	 -1.624999 	 0.006273 
179.553057 	 46.901471 	 -144.247475 	 1.293672 	 0.338588 	 -1.038974 	 -0.021193 	 1.433849 
5.194369 	 -2.126039 	 -1.702588 	 0.328112 	 -0.123947 	 -0.108061 	 -0.325353 	 0.067349 
52.913449 	 -5.321045 	 -16.575091 	 0.245864 	 -0.024109 	 -0.077063 	 -0.056192 	 0.033485 
-8.147690 	 10.394307 	 -2.881558 	 0.186404 	 -0.243931 	 0.067885 	 -0.165533 	 0.049429 
0.136464 	 1.673682 	 0.851144 	 -0.085547 	 -0.618597 	 -0.277788 	 -0.771593 	 0.233573 
19.260750 	 -11.495620 	 12.139605 	 0.277204 	 -0.162753 	 0.173064 	 -0.099437 	 0.066641 
0.829806 	 1.218995 	 0.546240 	 -0.287402 	 -0.409174 	 -0.153002 	 -0.861907 	 0.136716 
0.058309 	 -0.311242 	 -0.555365 	 -0.244323 	 0.272392 	 0.862192 	 -1.556130 	 0.438633 
1.579815 	 -1.012662 	 0.133842 	 0.348464 	 -0.183557 	 0.018309 	 -0.754640 	 0.077728 
111.588517 	 -12.268386 	 24.003057 	 0.760471 	 -0.082697 	 0.163110 	 -0.033471 	 0.305880 
-4.333698 	 275.549090 	 -130.756331 	 -0.030639 	 2.000617 	 -0.949261 	 -0.016371 	 2.452252 
0.101801 	 -0.072945 	 -0.069763 	 -0.311059 	 -0.070826 	 0.167063 	 -2.859054 	 0.064842 
3.015957 	 1.673778 	 -3.296528 	 0.207948 	 0.119364 	 -0.222158 	 -0.375978 	 0.053422 
-0.789416 	 7.266395 	 -13.983075 	 -0.007567 	 0.082501 	 -0.156650 	 -0.152889 	 0.015701 
1.051924 	 0.631616 	 1.699996 	 0.648625 	 0.419807 	 0.922461 	 -0.724152 	 0.723944 
-0.143067 	 -0.135687 	 0.063927 	 0.476861 	 0.215171 	 -0.289323 	 -5.628644 	 0.178702 
2.043304 	 -0.705572 	 -0.659590 	 0.165456 	 -0.044835 	 -0.054091 	 -0.667770 	 0.016156 
17.119200 	 -2.727031 	 10.571453 	 0.211863 	 -0.032035 	 0.129428 	 -0.124256 	 0.031332 
-0.244300 	 -0.016765 	 0.226586 	 0.221557 	 -0.175275 	 -0.303717 	 -2.854628 	 0.086027 
71.214264 	 259.043279 	 -42.262763 	 0.546778 	 1.986729 	 -0.324326 	 -0.019385 	 2.175623 
226.373714 	 94.390550 	 -37.119883 	 1.627615 	 0.679202 	 -0.267081 	 -0.020987 	 1.590889 
73.790884 	 -19.041087 	 -46.726065 	 0.458140 	 -0.117286 	 -0.289945 	 -0.039180 	 0.153858 
-0.522411 	 0.143293 	 -0.627522 	 -0.051163 	 0.033004 	 -0.083794 	 -1.408923 	 0.005364 
60.053288 	 183.504579 	 165.142959 	 0.434220 	 1.325256 	 1.191536 	 -0.018068 	 1.682304 
0.883095 	 9.854210 	 4.581462 	 -0.008228 	 -0.082503 	 -0.037518 	 -0.192904 	 0.004141 
0.000993 	 -0.336020 	 0.015253 	 -0.634700 	 1.206588 	 0.167159 	 -2.659498 	 0.943320 
112.328543 	 -14.437347 	 0.125467 	 0.771286 	 -0.098199 	 0.000552 	 -0.033757 	 0.302262 
3.838695 	 27.026469 	 15.446434 	 -0.001417 	 -0.009736 	 -0.005523 	 -0.085883 	 0.000064 
-0.110873 	 -0.093098 	 0.104003 	 0.028135 	 0.857699 	 1.777846 	 -5.675668 	 1.948587 
1.118065 	 -0.528171 	 1.735277 	 0.518032 	 -0.171259 	 0.711975 	 -0.705608 	 0.402297 
162.251896 	 18.092503 	 251.284426 	 1.178894 	 0.132249 	 1.824205 	 -0.014952 	 2.367502 
1.384997 	 -1.645616 	 -2.911786 	 0.070708 	 -0.071995 	 -0.139676 	 -0.446675 	 0.014846 
3.909421 	 0.104419 	 -2.917596 	 0.389408 	 0.021885 	 -0.286889 	 -0.368194 	 0.117211 
2.030947 	 2.648216 	 -6.473829 	 0.110169 	 0.142408 	 -0.335160 	 -0.271831 	 0.072375 
262.147510 	 122.790378 	 -2.903675 	 1.899598 	 0.890277 	 -0.021358 	 -0.018518 	 2.200760 
-142.204722 	 108.283760 	 -94.320265 	 -1.015050 	 0.774401 	 -0.674104 	 -0.020646 	 1.042220 
-97.277986 	 234.915669 	 157.438834 	 -0.705450 	 1.706427 	 1.142717 	 -0.014870 	 2.357677 
-11.350008 	 83.279643 	 -6.718135 	 -0.068648 	 0.509449 	 -0.041312 	 -0.041683 	 0.132979 
-0.054786 	 -0.158664 	 0.157606 	 -0.275344 	 0.179062 	 -0.543944 	 -3.798295 	 0.201876 
35.373035 	 0.614083 	 -20.809002 	 0.424724 	 0.008805 	 -0.249605 	 -0.072348 	 0.121385 
5.021564 	 0.326482 	 3.096840 	 -0.021420 	 -0.001870 	 -0.012735 	 -0.321151 	 0.000312 
0.305681 	 -0.192488 	 -0.553405 	 -0.379190 	 0.064402 	 0.543474 	 -1.500400 	 0.221649 
0.262346 	 -0.388974 	 0.299007 	 -0.515325 	 0.368281 	 -0.349899 	 -1.814207 	 0.261810 
234.940881 	 137.944077 	 170.075953 	 1.708649 	 1.003630 	 1.235993 	 -0.015188 	 2.727216 
-4.314854 	 3.343828 	 -10.500935 	 0.099731 	 -0.082228 	 0.250235 	 -0.184522 	 0.039663 
8.918765 	 -3.273808 	 -10.599876 	 -0.014884 	 0.005195 	 0.017544 	 -0.168149 	 0.000278 
297.052013 	 -24.918965 	 -41.917473 	 2.156636 	 -0.179964 	 -0.304538 	 -0.016222 	 2.388105 
0.596943 	 2.747328 	 4.238131 	 -0.078331 	 -0.317070 	 -0.463426 	 -0.349931 	 0.160716 
-1.698567 	 1.091950 	 -3.987270 	 -0.114298 	 0.087414 	 -0.290451 	 -0.376034 	 0.052534 
7.314850 	 1.122744 	 -1.024418 	 0.143262 	 0.024003 	 -0.020629 	 -0.267283 	 0.010763 
161.030537 	 45.705586 	 -0.482988 	 2.392999 	 0.680543 	 -0.007840 	 -0.026916 	 3.094822 
0.395244 	 -0.161200 	 0.222834 	 -0.740204 	 0.057836 	 -0.259663 	 -1.925662 	 0.309336 
0.280003 	 -0.591474 	 -0.859681 	 -0.299232 	 0.358865 	 0.690891 	 -1.088102 	 0.347827 
-0.025321 	 -0.201052 	 0.229605 	 0.038555 	 -0.035427 	 0.082313 	 -2.964835 	 0.004759 
13.072525 	 -55.639394 	 34.821369 	 0.071710 	 -0.301965 	 0.189151 	 -0.044116 	 0.066052 
13.352682 	 9.987064 	 10.790446 	 0.254880 	 0.191354 	 0.203410 	 -0.126563 	 0.071478 
21.357848 	 -10.477918 	 -4.288273 	 0.164503 	 -0.079352 	 -0.033202 	 -0.107285 	 0.017230 
-44.010407 	 329.719170 	 -164.773543 	 -0.320115 	 2.405245 	 -1.201880 	 -0.013338 	 3.666097 
18.841806 	 392.304203 	 -2.963433 	 0.138326 	 2.863985 	 -0.021956 	 -0.012688 	 4.111012 
257.009038 	 102.564787 	 40.585145 	 1.946668 	 0.777441 	 0.306931 	 -0.018552 	 2.244069 
16.944068 	 5.143178 	 -15.920274 	 -0.060365 	 -0.018633 	 0.056505 	 -0.111282 	 0.003592 
-0.108955 	 -0.128569 	 -0.139068 	 -0.018077 	 0.044285 	 1.166316 	 -3.392098 	 0.681291 
-61.802108 	 254.234222 	 92.379195 	 -0.447762 	 1.846173 	 0.670183 	 -0.016485 	 2.028995 
-73.398213 	 35.395406 	 -42.690894 	 -0.465163 	 0.225433 	 -0.271253 	 -0.036359 	 0.170387 
1.697518 	 1.910933 	 -3.366295 	 -0.184643 	 -0.207419 	 0.348121 	 -0.406866 	 0.099152 
-37.978008 	 73.166156 	 46.542956 	 -0.392642 	 0.759935 	 0.482147 	 -0.038488 	 0.482067 
11.670089 	 1.129560 	 -7.836225 	 0.692154 	 0.073501 	 -0.462998 	 -0.167927 	 0.349423 
-36.581062 	 408.645620 	 68.537421 	 -0.266457 	 2.986591 	 0.500429 	 -0.011625 	 4.620578 
4.338339 	 0.535518 	 1.758736 	 -0.297315 	 -0.043901 	 -0.114497 	 -0.380093 	 0.051717 
94.240489 	 -98.079864 	 -75.410194 	 0.660156 	 -0.685386 	 -0.527938 	 -0.024682 	 0.592139 
-0.105982 	 -0.061984 	 0.098082 	 0.079006 	 0.808292 	 0.720455 	 -4.987220 	 0.589317 
37.269990 	 89.548168 	 -109.418986 	 0.259034 	 0.621359 	 -0.758521 	 -0.029430 	 0.514269 
-30.992406 	 47.114954 	 3.806466 	 -0.187967 	 0.287524 	 0.022896 	 -0.054384 	 0.059263 
-46.168883 	 22.805753 	 -29.614907 	 -0.228379 	 0.113688 	 -0.147072 	 -0.050793 	 0.043356 
15.310285 	 -26.871310 	 9.110966 	 -0.000340 	 0.000590 	 -0.000200 	 -0.079178 	 0.000000 
3.443184 	 5.879059 	 1.758580 	 -0.108113 	 -0.182489 	 -0.052114 	 -0.275110 	 0.023853 
17.069713 	 -12.057635 	 -7.260242 	 0.293152 	 -0.203654 	 -0.124642 	 -0.114051 	 0.071474 
0.438192 	 0.234034 	 0.183590 	 -1.093555 	 -0.707063 	 -0.275634 	 -1.667566 	 0.885887 
0.246732 	 1.481849 	 -1.132982 	 0.137855 	 0.616505 	 -0.452909 	 -0.722474 	 0.302104 
-0.519260 	 0.189338 	 -0.190535 	 1.161539 	 -0.886348 	 0.671337 	 -1.733217 	 1.292740 
-119.166314 	 412.526055 	 93.482705 	 -0.870641 	 3.017677 	 0.683307 	 -0.010701 	 5.165651 
1.713366 	 5.442081 	 -1.552899 	 0.136510 	 0.416123 	 -0.119509 	 -0.312859 	 0.103038 
0.576187 	 11.596151 	 11.305013 	 0.001773 	 0.030205 	 0.029025 	 -0.145415 	 0.000879 
-0.110821 	 -0.117369 	 0.041257 	 -0.229696 	 -0.980955 	 0.862577 	 -9.787768 	 0.879536 
257.675279 	 43.784924 	 108.469581 	 1.867211 	 0.318025 	 0.785344 	 -0.016991 	 2.102191 
-0.122637 	 -0.116878 	 0.025967 	 -0.173778 	 0.075471 	 -0.304800 	 -7.408193 	 0.064399 
364.322569 	 78.007970 	 -110.864141 	 2.659026 	 0.570057 	 -0.809227 	 -0.013553 	 4.025118 
7.669553 	 -1.454218 	 -2.631370 	 0.011508 	 -0.001971 	 -0.003958 	 -0.250150 	 0.000076 
-10.462223 	 -53.427148 	 -128.082922 	 -0.071675 	 -0.369134 	 -0.887269 	 -0.026616 	 0.464322 
-0.351554 	 12.462542 	 30.775897 	 -0.001909 	 0.100179 	 0.244640 	 -0.079337 	 0.034944 
133.895278 	 331.767087 	 -146.589263 	 0.977667 	 2.421339 	 -1.069790 	 -0.013569 	 3.981584 
390.548019 	 55.968252 	 -65.464371 	 2.851848 	 0.409460 	 -0.478223 	 -0.012981 	 4.264698 
17.607510 	 -5.144681 	 -11.157700 	 -0.042842 	 0.012145 	 0.027086 	 -0.119218 	 0.001358 
-4.589527 	 11.622278 	 -21.574204 	 -0.018360 	 0.048154 	 -0.088646 	 -0.105308 	 0.005257 
205.446275 	 -39.396106 	 130.221885 	 1.481919 	 -0.283140 	 0.938478 	 -0.018198 	 1.578497 
-0.386906 	 0.413981 	 -0.284648 	 0.388805 	 -0.756925 	 0.465846 	 -1.621493 	 0.470559 
-0.196409 	 -0.040902 	 -0.078189 	 -0.223960 	 0.213577 	 -0.326008 	 -3.253879 	 0.101027 
2.943250 	 12.952129 	 8.328877 	 0.095580 	 0.409020 	 0.259168 	 -0.148076 	 0.121800 
4.206106 	 14.815035 	 -9.719442 	 0.060762 	 0.210189 	 -0.137405 	 -0.134931 	 0.033376 
-0.139616 	 0.320288 	 0.369970 	 0.005846 	 -0.092883 	 -0.068318 	 -2.048221 	 0.006664 
-5.059420 	 219.693943 	 246.506735 	 -0.036052 	 1.601749 	 1.795915 	 -0.013814 	 2.896106 
189.824018 	 324.294572 	 -97.586112 	 1.385780 	 2.366955 	 -0.712321 	 -0.013803 	 4.015131 
-72.056809 	 110.512498 	 34.508718 	 -0.497669 	 0.765295 	 0.238398 	 -0.028279 	 0.445093 
144.975216 	 35.641293 	 112.496831 	 1.032738 	 0.254562 	 0.800439 	 -0.023347 	 0.886027 
340.624419 	 -146.885894 	 -220.953011 	 2.491176 	 -1.073017 	 -1.615751 	 -0.011032 	 4.983988 
140.116401 	 -20.498025 	 -67.798402 	 0.975874 	 -0.141803 	 -0.472134 	 -0.027331 	 0.597674 
155.321871 	 29.343117 	 -26.798209 	 1.112389 	 0.210869 	 -0.192108 	 -0.028014 	 0.659391 
193.665718 	 164.064465 	 -232.073694 	 1.410752 	 1.195318 	 -1.689886 	 -0.015091 	 3.137361 
126.416926 	 98.988586 	 -172.178536 	 0.905712 	 0.709446 	 -1.232802 	 -0.021171 	 1.421714 
-0.044700 	 0.553715 	 0.152178 	 0.066185 	 0.666007 	 0.105742 	 -1.702715 	 0.229563 
310.470704 	 -25.073284 	 -299.619717 	 2.270312 	 -0.182393 	 -2.190504 	 -0.011587 	 4.992946 
95.020868 	 74.702686 	 46.304353 	 0.658615 	 0.518017 	 0.320259 	 -0.031176 	 0.402340 
26.819196 	 -14.385651 	 -15.827400 	 0.050992 	 -0.027008 	 -0.030053 	 -0.083306 	 0.002116 
-6.948274 	 12.081918 	 -5.622812 	 0.042407 	 -0.075698 	 0.035157 	 -0.155590 	 0.004382 
18.060673 	 14.257874 	 -3.575760 	 0.444714 	 0.351891 	 -0.088606 	 -0.111564 	 0.164724 
30.359112 	 -4.977234 	 29.368148 	 0.223828 	 -0.035668 	 0.215397 	 -0.066829 	 0.048883 
-0.115550 	 -0.128291 	 0.139862 	 -0.048204 	 -0.086403 	 1.222206 	 -4.370067 	 0.751789 
23.144474 	 8.382169 	 -76.315078 	 0.218335 	 0.079835 	 -0.716886 	 -0.042303 	 0.283985 
99.713131 	 42.880335 	 49.367199 	 0.682365 	 0.293945 	 0.337148 	 -0.033173 	 0.332847 
-0.110664 	 -0.122452 	 0.038397 	 0.093914 	 -0.071535 	 -0.539108 	 -9.317643 	 0.152287 
61.373433 	 194.262270 	 -82.671275 	 0.439806 	 1.390434 	 -0.591672 	 -0.022674 	 1.238406 
189.020959 	 96.146362 	 -17.166665 	 1.351357 	 0.687836 	 -0.122977 	 -0.023125 	 1.157204 
-0.168721 	 -0.056911 	 0.156660 	 -0.666372 	 0.757188 	 1.307819 	 -3.842328 	 1.363889 
0.194947 	 -0.320506 	 -0.004598 	 -0.343010 	 0.222435 	 0.055416 	 -2.243758 	 0.085102 
-1.430845 	 2.059387 	 1.412893 	 0.071010 	 -0.117412 	 -0.073642 	 -0.536843 	 0.012126 
-0.630850 	 -0.070796 	 -0.918795 	 0.275588 	 -0.026965 	 0.511711 	 -1.080994 	 0.169262 
-6.395381 	 -53.127925 	 -12.394343 	 -0.028792 	 -0.242883 	 -0.056999 	 -0.051144 	 0.031535 
-0.118407 	 0.122744 	 0.223405 	 -0.019397 	 0.718088 	 0.524457 	 -2.726508 	 0.395541 
7.602281 	 -5.814678 	 -7.405326 	 0.150181 	 -0.110835 	 -0.145045 	 -0.184369 	 0.027938 
0.006411 	 -0.173376 	 -0.007399 	 1.312077 	 -0.574856 	 -0.581129 	 -3.690626 	 1.194858 
338.399851 	 90.118919 	 -4.036708 	 2.464904 	 0.657095 	 -0.029721 	 -0.014926 	 3.254204 
173.566221 	 -75.327881 	 -201.329889 	 1.257435 	 -0.544496 	 -1.457961 	 -0.016568 	 2.001635 
116.298966 	 202.159553 	 -265.068083 	 0.847775 	 1.473136 	 -1.930717 	 -0.014355 	 3.308261 
-17.330615 	 -23.995596 	 40.471513 	 -0.070131 	 -0.097237 	 0.164654 	 -0.053953 	 0.020742 
83.574955 	 90.287146 	 152.410168 	 0.598329 	 0.646388 	 1.089354 	 -0.022176 	 0.981253 
1.918717 	 0.868492 	 0.391579 	 0.059356 	 0.028941 	 0.010132 	 -0.688341 	 0.002232 
113.465121 	 312.031405 	 143.326905 	 0.827815 	 2.275154 	 1.044323 	 -0.013745 	 3.476106 
-1.736687 	 1.359744 	 -1.169949 	 0.001182 	 -0.001077 	 0.000884 	 -0.595384 	 0.000002 
-130.605599 	 136.290293 	 -179.391460 	 -0.942943 	 0.985707 	 -1.296601 	 -0.017025 	 1.770966 
183.534588 	 130.389216 	 55.502325 	 1.731769 	 1.230705 	 0.522958 	 -0.021488 	 2.393573 
4.593394 	 -2.136993 	 -0.565318 	 -0.223572 	 0.095764 	 0.028998 	 -0.358009 	 0.029998 
-0.147373 	 -0.109822 	 0.009165 	 -0.238520 	 0.078864 	 -0.240064 	 -5.484365 	 0.060371 
-0.073082 	 -0.178481 	 0.071794 	 0.195692 	 -0.287533 	 0.135598 	 -4.535231 	 0.069679 
147.973348 	 -14.970858 	 -47.415251 	 2.030097 	 -0.203569 	 -0.650631 	 -0.028094 	 2.293028 
63.329427 	 238.204080 	 -39.312153 	 0.477040 	 1.792067 	 -0.295942 	 -0.020929 	 1.763327 
169.029868 	 25.300515 	 -95.504277 	 1.220477 	 0.183438 	 -0.689456 	 -0.024102 	 0.999282 
147.922580 	 152.459180 	 -141.045582 	 1.066895 	 1.099661 	 -1.016850 	 -0.020357 	 1.690752 
-30.542439 	 107.234802 	 139.708463 	 -0.215491 	 0.760233 	 0.989013 	 -0.022586 	 0.801268 
-7.301365 	 41.463557 	 -43.519521 	 -0.074098 	 0.428591 	 -0.448991 	 -0.052300 	 0.195387 
-0.627211 	 2.827601 	 1.513427 	 -0.049584 	 0.283721 	 0.141271 	 -0.495813 	 0.051457 
0.149717 	 0.626596 	 -0.304717 	 -0.076728 	 -0.219507 	 0.102592 	 -1.413231 	 0.032298 
-4.880496 	 11.684817 	 -2.472626 	 0.086553 	 -0.214288 	 0.045695 	 -0.171773 	 0.027749 
13.297380 	 -9.233148 	 -17.421670 	 0.374777 	 -0.254661 	 -0.488179 	 -0.108361 	 0.221814 
29.936351 	 8.793382 	 18.754791 	 0.676205 	 0.200623 	 0.421047 	 -0.078131 	 0.337391 
216.154450 	 -16.169716 	 -13.584119 	 1.549409 	 -0.114975 	 -0.097644 	 -0.021371 	 1.211711 
17.554448 	 -6.150697 	 -47.137282 	 0.164319 	 -0.056079 	 -0.438857 	 -0.059692 	 0.111370 
-3.052259 	 0.752014 	 -7.827164 	 0.037311 	 -0.011085 	 0.099888 	 -0.242370 	 0.005746 
-111.000175 	 111.076234 	 -307.828441 	 -0.808024 	 0.810279 	 -2.243419 	 -0.013041 	 3.171191 
10.898827 	 151.919746 	 -114.150781 	 0.080177 	 1.107138 	 -0.831553 	 -0.024239 	 0.961831 
92.436405 	 268.010352 	 257.365212 	 0.675258 	 1.956368 	 1.877482 	 -0.012531 	 3.904144 
32.048017 	 73.974560 	 -143.509423 	 0.231736 	 0.533920 	 -1.034419 	 -0.026968 	 0.704398 
-74.359036 	 202.656930 	 -169.210137 	 -0.538198 	 1.469885 	 -1.226883 	 -0.017118 	 1.977731 
168.880800 	 0.847010 	 -97.952981 	 1.242194 	 0.007120 	 -0.720342 	 -0.023717 	 1.030994 
292.817213 	 -150.369382 	 29.780238 	 2.132355 	 -1.093718 	 0.216456 	 -0.013770 	 2.895004 
21.616061 	 -0.496530 	 9.816401 	 0.519690 	 -0.008968 	 0.233714 	 -0.109500 	 0.162390 
211.249909 	 16.271460 	 178.563031 	 1.533373 	 0.118927 	 1.295101 	 -0.016487 	 2.021332 
-0.340232 	 0.091896 	 0.205577 	 1.186521 	 -1.108883 	 -0.834301 	 -2.398005 	 1.666757 
-0.125123 	 -0.007747 	 0.126091 	 0.206183 	 -1.762601 	 -1.256207 	 -3.956682 	 2.363665 
-0.503379 	 0.301097 	 0.227691 	 -0.300346 	 0.324206 	 0.140159 	 -1.685840 	 0.107481 
-187.843518 	 99.503002 	 -29.565859 	 -1.347276 	 0.714966 	 -0.212505 	 -0.018560 	 1.185744 
-8.875035 	 8.731393 	 -4.260942 	 -0.044627 	 0.045084 	 -0.021928 	 -0.167089 	 0.002252 
9.643269 	 8.028926 	 20.323659 	 0.011298 	 0.009439 	 0.023486 	 -0.109859 	 0.000384 
124.941489 	 -83.458817 	 106.502092 	 0.888074 	 -0.591824 	 0.756012 	 -0.021684 	 0.855242 
-42.496812 	 211.736493 	 -98.263347 	 -0.343009 	 1.714503 	 -0.795579 	 -0.019733 	 1.845060 
375.220446 	 112.378121 	 -68.533657 	 2.739570 	 0.821141 	 -0.500559 	 -0.013298 	 4.215039 
-11.432916 	 -5.588318 	 -26.913565 	 0.012468 	 0.006021 	 0.029689 	 -0.086913 	 0.000537 
1.248629 	 0.700011 	 3.931212 	 0.213424 	 0.128891 	 0.609672 	 -0.409643 	 0.216931 
109.568279 	 70.993953 	 -16.204669 	 0.753480 	 0.488549 	 -0.111632 	 -0.031082 	 0.409437 
14.145138 	 63.972204 	 -123.367146 	 0.097560 	 0.438594 	 -0.844509 	 -0.029481 	 0.457539 
27.280095 	 -8.598980 	 -24.381564 	 0.371861 	 -0.115086 	 -0.331604 	 -0.076983 	 0.130743 
107.938882 	 -99.664729 	 -286.270631 	 0.786050 	 -0.724159 	 -2.082895 	 -0.014002 	 2.740367 
347.270997 	 -92.216632 	 127.304524 	 2.535065 	 -0.672074 	 0.928691 	 -0.012298 	 3.870352 
204.791133 	 120.196422 	 -302.851143 	 1.494990 	 0.877851 	 -2.209956 	 -0.013049 	 3.944760 
-34.317721 	 17.469260 	 -47.267080 	 -0.318076 	 0.163575 	 -0.439947 	 -0.050404 	 0.160741 
34.974433 	 -46.982348 	 100.785962 	 0.235763 	 -0.314882 	 0.676931 	 -0.029517 	 0.306485 
255.106804 	 257.501987 	 33.784918 	 1.859875 	 1.877401 	 0.245876 	 -0.015230 	 3.522112 
-0.252926 	 0.426726 	 0.183628 	 0.149526 	 -0.580974 	 -0.146928 	 -1.881149 	 0.190739 
-0.984471 	 2.452255 	 -1.121553 	 0.189334 	 -0.558422 	 0.253088 	 -0.548947 	 0.205868 
64.684541 	 206.855581 	 32.503318 	 0.470547 	 1.503055 	 0.235711 	 -0.022021 	 1.268074 
-6.042491 	 3.380843 	 -27.669609 	 -0.024424 	 0.014424 	 -0.114136 	 -0.093458 	 0.006916 
-0.093057 	 -0.138057 	 0.166051 	 -0.295079 	 0.259286 	 -1.905676 	 -3.931809 	 1.892951 
-0.124292 	 -0.124928 	 0.016694 	 -0.873528 	 -0.234169 	 -1.977794 	 -6.670444 	 2.364778 
4.483319 	 40.902734 	 26.710315 	 0.017876 	 0.159589 	 0.103731 	 -0.060802 	 0.018274 
7.354023 	 -1.550599 	 -12.020239 	 0.007087 	 -0.001356 	 -0.011453 	 -0.168614 	 0.000092 
0.167483 	 0.407020 	 0.263351 	 0.433467 	 0.820405 	 0.338948 	 -1.796816 	 0.487922 
-1.610109 	 101.490656 	 157.885989 	 -0.010645 	 0.721943 	 1.121442 	 -0.021825 	 0.889473 
-11.198580 	 25.554339 	 12.517260 	 -0.209247 	 0.484597 	 0.235397 	 -0.085517 	 0.167015 
-39.995141 	 26.446954 	 -70.896145 	 -0.417319 	 0.278000 	 -0.742292 	 -0.039391 	 0.401219 
93.813253 	 287.434879 	 -268.180992 	 0.685736 	 2.099416 	 -1.958287 	 -0.012561 	 4.356335 
-98.971520 	 2.534832 	 -84.930815 	 -0.677052 	 0.018193 	 -0.581966 	 -0.027399 	 0.398708 
93.461655 	 165.975220 	 -67.030424 	 0.660868 	 1.173068 	 -0.473723 	 -0.024433 	 1.018624 
26.630504 	 31.693375 	 6.594901 	 0.232284 	 0.276345 	 0.056893 	 -0.070079 	 0.066780 
-0.119054 	 -0.133568 	 -0.155324 	 -0.012421 	 -0.020545 	 -0.343282 	 -3.234216 	 0.059209 
-0.442874 	 2.544338 	 -15.774193 	 -0.000144 	 0.001157 	 -0.006866 	 -0.155956 	 0.000024 
67.519149 	 49.428767 	 -117.619882 	 0.479637 	 0.351409 	 -0.834475 	 -0.029197 	 0.524944 
129.253076 	 46.396815 	 -16.509024 	 0.881471 	 0.316969 	 -0.112796 	 -0.030352 	 0.445092 
145.749858 	 51.849014 	 -128.070540 	 1.038804 	 0.370126 	 -0.912419 	 -0.023913 	 1.024307 
17.726071 	 226.674102 	 106.113899 	 0.128660 	 1.635819 	 0.765048 	 -0.018524 	 1.638878 
4.205787 	 -1.000402 	 4.326061 	 0.278112 	 -0.056608 	 0.275761 	 -0.303946 	 0.078298 
19.201574 	 227.048417 	 -199.858250 	 0.140139 	 1.648364 	 -1.450514 	 -0.016671 	 2.420367 
-59.836467 	 -19.015896 	 96.678269 	 -0.400756 	 -0.126782 	 0.648415 	 -0.028638 	 0.298561 
0.858795 	 0.074893 	 -1.604724 	 -0.000109 	 -0.000022 	 0.000184 	 -0.741759 	 0.000000 
1.150292 	 11.691091 	 18.755140 	 0.019386 	 0.181441 	 0.287385 	 -0.110646 	 0.057943 
-0.168105 	 -0.063381 	 -4.171200 	 -0.004046 	 0.004182 	 -0.302976 	 -0.399488 	 0.045914 
0.117612 	 -0.150348 	 0.310754 	 0.172420 	 -0.021620 	 0.199756 	 -2.515091 	 0.035049 
91.825218 	 1.244916 	 88.686081 	 0.630678 	 0.009374 	 0.608068 	 -0.029910 	 0.383795 
0.991068 	 -0.749282 	 -0.196821 	 0.058339 	 -0.033204 	 -0.012790 	 -0.983721 	 0.002335 
325.453081 	 -94.372158 	 22.271087 	 2.370239 	 -0.686181 	 0.161815 	 -0.013941 	 3.057530 
3.541953 	 1.026503 	 -1.027472 	 0.182196 	 0.057250 	 -0.053477 	 -0.442272 	 0.019666 
-0.665089 	 -0.000619 	 -0.365045 	 -0.067036 	 0.014656 	 -0.049676 	 -1.467612 	 0.003588 
159.168433 	 102.434941 	 93.106337 	 1.167916 	 0.751991 	 0.682369 	 -0.022371 	 1.197573 
83.373886 	 165.648291 	 110.991284 	 0.598906 	 1.189193 	 0.795902 	 -0.021247 	 1.203164 
6.994637 	 -16.324872 	 -38.978903 	 0.053272 	 -0.121464 	 -0.292532 	 -0.066374 	 0.051583 
1.130397 	 122.278697 	 -64.785944 	 0.008767 	 0.863822 	 -0.457534 	 -0.029971 	 0.477801 
79.324311 	 51.851656 	 120.369849 	 0.557111 	 0.364505 	 0.843877 	 -0.027015 	 0.577683 
-0.445733 	 0.740054 	 -0.414151 	 -0.096325 	 0.248550 	 -0.132437 	 -1.205362 	 0.044298 
-0.160766 	 0.790408 	 0.004052 	 -0.061273 	 1.141384 	 -0.051199 	 -1.357335 	 0.654567 
-0.016164 	 -0.144310 	 0.071888 	 -0.981355 	 0.233204 	 -0.276284 	 -4.264382 	 0.546888 
135.371044 	 112.935994 	 26.438707 	 0.948268 	 0.791310 	 0.184734 	 -0.025558 	 0.779755 
136.936896 	 18.016741 	 -18.269937 	 0.965831 	 0.127827 	 -0.129072 	 -0.030244 	 0.482914 
118.473299 	 58.688164 	 43.584944 	 0.809304 	 0.401357 	 0.297146 	 -0.029950 	 0.452178 
-0.085364 	 -0.223346 	 -0.082052 	 0.002823 	 -0.010863 	 -0.013559 	 -3.239910 	 0.000155 
25.913037 	 -34.899608 	 -84.424897 	 0.224747 	 -0.300338 	 -0.729469 	 -0.036302 	 0.336420 
20.676592 	 2.914691 	 -19.109528 	 0.132567 	 0.019362 	 -0.122147 	 -0.096945 	 0.016434 
38.450387 	 -46.336092 	 -6.793981 	 0.194543 	 -0.233148 	 -0.034502 	 -0.049893 	 0.046698 
-61.180116 	 144.121179 	 4.825508 	 -0.599969 	 1.417121 	 0.046967 	 -0.026034 	 1.185200 
-0.179961 	 0.112996 	 -0.187498 	 0.077990 	 -0.268431 	 0.266006 	 -2.449642 	 0.074449 
387.946099 	 154.434088 	 85.152238 	 2.835492 	 1.129320 	 0.621869 	 -0.012021 	 4.851049 
0.975017 	 -0.693070 	 0.461901 	 0.030114 	 -0.015835 	 0.011553 	 -1.015734 	 0.000646 
-16.825085 	 25.853788 	 7.183901 	 -0.115062 	 0.178827 	 0.049148 	 -0.083014 	 0.023817 
-0.016271 	 0.403811 	 0.297666 	 -0.130308 	 -0.716613 	 -0.344679 	 -1.957458 	 0.324659 
-1.492924 	 -1.890460 	 -14.270370 	 -0.048663 	 -0.062326 	 -0.504397 	 -0.161186 	 0.130334 
81.875841 	 57.657451 	 -177.535748 	 0.593646 	 0.418359 	 -1.285804 	 -0.023423 	 1.090366 
22.800277 	 40.446676 	 38.859455 	 0.162433 	 0.287605 	 0.275172 	 -0.051992 	 0.092410 
-3.201802 	 -5.238113 	 -48.595842 	 -0.028087 	 -0.046507 	 -0.442126 	 -0.060100 	 0.099214 
-0.154011 	 -0.108274 	 0.036296 	 2.028686 	 -0.639694 	 0.416506 	 -5.737155 	 2.349127 
80.385975 	 -35.990012 	 -129.617039 	 0.565756 	 -0.252091 	 -0.911293 	 -0.025799 	 0.607042 
178.759350 	 117.028821 	 -126.565333 	 1.328558 	 0.870129 	 -0.940392 	 -0.020742 	 1.703264 
86.657895 	 161.666627 	 -70.548584 	 0.611624 	 1.140416 	 -0.497601 	 -0.024816 	 0.961120 
-21.342634 	 60.701984 	 -7.516627 	 -0.200914 	 0.575593 	 -0.071558 	 -0.050339 	 0.188397 
255.899454 	 188.131798 	 -20.071511 	 1.859950 	 1.367681 	 -0.146148 	 -0.017318 	 2.675662 
34.547287 	 -24.856516 	 6.044504 	 0.482254 	 -0.344167 	 0.083479 	 -0.066021 	 0.178994 
292.437105 	 44.722498 	 -27.015527 	 2.124496 	 0.325659 	 -0.196514 	 -0.017204 	 2.329077 
-0.142440 	 -0.135507 	 0.020068 	 -1.176595 	 -0.534875 	 -0.956139 	 -5.808194 	 1.292334 
39.128587 	 125.739117 	 80.094842 	 0.277997 	 0.891653 	 0.567109 	 -0.026875 	 0.596970 
-182.607982 	 235.501757 	 -222.813243 	 -1.331596 	 1.719242 	 -1.626100 	 -0.012351 	 3.686570 
164.023837 	 102.840937 	 79.955696 	 1.166641 	 0.731835 	 0.567988 	 -0.022690 	 1.109622 
-0.345361 	 5.049272 	 -4.806823 	 -0.011213 	 0.248260 	 -0.232941 	 -0.276315 	 0.058010 
66.664753 	 -19.445416 	 28.578651 	 0.523519 	 -0.151496 	 0.223700 	 -0.043716 	 0.173533 
-0.061789 	 0.014809 	 0.104861 	 -0.037249 	 -0.101571 	 -0.044608 	 -3.657669 	 0.006847 
-0.027104 	 -0.234863 	 -0.216434 	 0.054305 	 -0.072627 	 -0.167586 	 -2.466426 	 0.018154 
72.003690 	 -39.616540 	 3.717649 	 0.574384 	 -0.314569 	 0.029252 	 -0.040855 	 0.214863 
247.913725 	 27.565526 	 -267.249651 	 1.808154 	 0.201844 	 -1.948629 	 -0.013754 	 3.553659 
0.154028 	 -0.119341 	 0.233025 	 -0.782156 	 -0.006592 	 -0.553332 	 -2.679749 	 0.458993 
0.118544 	 -0.045024 	 -1.730429 	 0.107619 	 0.035767 	 -0.829452 	 -0.765190 	 0.350426 
218.060915 	 80.932275 	 -3.137439 	 1.563926 	 0.581018 	 -0.022812 	 -0.021629 	 1.391984 
188.595391 	 113.197396 	 240.118280 	 1.372394 	 0.824125 	 1.745960 	 -0.014545 	 2.805511 
64.069357 	 29.663629 	 103.609471 	 0.533474 	 0.247575 	 0.860829 	 -0.030403 	 0.543458 
-119.501584 	 -13.457854 	 -149.659440 	 -0.850558 	 -0.095010 	 -1.066526 	 -0.020324 	 0.934977 
255.035041 	 9.810465 	 -227.562745 	 1.857380 	 0.072302 	 -1.656905 	 -0.014777 	 3.100212 
8.815168 	 40.524722 	 3.609773 	 0.496576 	 2.261008 	 0.198298 	 -0.069807 	 2.699033 
152.488064 	 36.784455 	 -133.952856 	 1.087175 	 0.262932 	 -0.954647 	 -0.023366 	 1.081217 
0.197402 	 -0.200449 	 1.108862 	 -0.112196 	 0.028617 	 -0.386036 	 -1.097999 	 0.081215 
56.407337 	 196.939573 	 46.738810 	 0.401833 	 1.401041 	 0.331978 	 -0.022425 	 1.117298 
-0.317645 	 0.478311 	 0.025846 	 0.193969 	 -0.565304 	 0.018013 	 -1.805057 	 0.178758 
32.606454 	 126.084017 	 -139.300537 	 0.235761 	 0.909413 	 -1.004097 	 -0.024409 	 0.945413 
-7.379407 	 322.737672 	 -188.738394 	 -0.053002 	 2.354581 	 -1.376779 	 -0.013454 	 3.721190 
16.507747 	 131.125272 	 51.029073 	 0.114199 	 0.901849 	 0.350332 	 -0.028733 	 0.474552 
-2.084114 	 18.974591 	 22.800333 	 -0.011894 	 0.115158 	 0.137225 	 -0.087555 	 0.016117 
-47.626882 	 75.280384 	 -13.036190 	 -0.320295 	 0.508277 	 -0.088179 	 -0.038785 	 0.184355 
0.092101 	 -0.183155 	 0.071828 	 -1.025466 	 0.309657 	 -0.135114 	 -3.165238 	 0.582862 
47.398145 	 -23.837231 	 -37.015582 	 0.262686 	 -0.131126 	 -0.204911 	 -0.049654 	 0.064093 
3.197601 	 -1.355317 	 0.473355 	 -0.053630 	 0.019993 	 -0.006942 	 -0.469438 	 0.001662 
-176.125091 	 75.282895 	 121.189870 	 -1.266023 	 0.542367 	 0.871368 	 -0.017122 	 1.328129 
343.138108 	 -97.188227 	 -34.125716 	 2.501568 	 -0.707411 	 -0.249032 	 -0.013374 	 3.410144 
15.122248 	 -82.949791 	 -45.421935 	 0.097736 	 -0.531395 	 -0.291699 	 -0.034047 	 0.188511 
5.185648 	 1.500212 	 -14.519180 	 0.041267 	 0.012634 	 -0.113454 	 -0.156455 	 0.007367 
169.079524 	 10.390912 	 -50.449963 	 1.186755 	 0.073738 	 -0.354185 	 -0.025976 	 0.769636 
-0.124949 	 -0.273964 	 -0.217592 	 -0.031097 	 -0.360583 	 -0.621278 	 -2.351610 	 0.258487 
46.578320 	 248.923885 	 -27.062017 	 0.438762 	 2.340361 	 -0.254733 	 -0.020068 	 2.867346 
11.841008 	 -29.246584 	 -98.516929 	 0.122898 	 -0.299461 	 -1.013404 	 -0.034076 	 0.565884 
-61.561315 	 -83.835872 	 -62.558728 	 -0.416365 	 -0.567225 	 -0.424186 	 -0.027677 	 0.337519 
0.159797 	 -0.297930 	 0.107217 	 1.024185 	 -0.664988 	 0.234761 	 -2.449531 	 0.773139 
19.905196 	 1.171971 	 3.467507 	 0.173693 	 0.011225 	 0.029698 	 -0.124947 	 0.015589 
37.738210 	 -34.141424 	 -40.361429 	 0.327665 	 -0.294508 	 -0.349795 	 -0.048808 	 0.158228 
9.506045 	 9.091473 	 19.199262 	 0.217894 	 0.208723 	 0.433943 	 -0.112473 	 0.139675 
207.167679 	 11.236153 	 -53.253610 	 1.538850 	 0.084320 	 -0.395690 	 -0.022278 	 1.265870 
157.841270 	 -124.593659 	 -178.115263 	 1.145221 	 -0.902471 	 -1.291730 	 -0.016405 	 1.897275 
187.379992 	 30.398286 	 26.717764 	 1.370401 	 0.223073 	 0.194955 	 -0.023950 	 0.982884 
89.211043 	 -90.276653 	 -243.878672 	 0.646901 	 -0.652929 	 -1.766564 	 -0.015958 	 1.982773 
-111.273312 	 212.701908 	 -101.340136 	 -0.802984 	 1.537348 	 -0.732364 	 -0.017417 	 1.772290 
30.101048 	 7.514721 	 8.535498 	 0.764414 	 0.193206 	 0.214819 	 -0.086217 	 0.333902 
64.850100 	 5.806553 	 -183.912028 	 0.462618 	 0.042216 	 -1.310028 	 -0.022398 	 0.965985 
10.473484 	 -4.033284 	 1.348229 	 0.221181 	 -0.081736 	 0.027232 	 -0.193476 	 0.028172 
8.955338 	 1.140103 	 -4.894186 	 -0.049472 	 -0.006884 	 0.026949 	 -0.212163 	 0.001611 
-0.093448 	 0.239702 	 0.011291 	 -0.074904 	 -1.473960 	 0.137365 	 -2.420064 	 1.098520 
60.002822 	 -20.141895 	 81.190429 	 0.392978 	 -0.130876 	 0.530460 	 -0.033823 	 0.226474 
43.159940 	 -108.533603 	 159.859818 	 0.308949 	 -0.774033 	 1.141036 	 -0.019079 	 0.998269 
-62.288912 	 56.044721 	 -0.201431 	 -0.380364 	 0.343594 	 -0.001507 	 -0.039700 	 0.131368 
0.761368 	 -1.017375 	 0.523668 	 -0.403661 	 0.414118 	 -0.221302 	 -0.938722 	 0.191705 
4.166692 	 3.772060 	 8.562391 	 0.157206 	 0.143065 	 0.312959 	 -0.202573 	 0.071562 
-0.292916 	 0.024604 	 -0.994746 	 -0.104443 	 0.084303 	 -0.599583 	 -1.313501 	 0.188758 
-1.046884 	 0.715149 	 -0.521967 	 -0.401277 	 0.359073 	 -0.243290 	 -0.952025 	 0.174573 
-0.162527 	 -0.085421 	 0.111743 	 -0.050471 	 0.035983 	 0.066454 	 -4.567467 	 0.004129 
26.591002 	 -17.166443 	 -15.428524 	 0.285446 	 -0.182205 	 -0.165407 	 -0.081340 	 0.071019 
-0.460080 	 0.182683 	 -0.633353 	 0.321036 	 -0.280470 	 0.625267 	 -1.420979 	 0.286344 
185.328025 	 325.428992 	 -51.359200 	 1.352317 	 2.374072 	 -0.374864 	 -0.014183 	 3.802750 
232.029788 	 316.910689 	 -151.224316 	 1.695592 	 2.315645 	 -1.104890 	 -0.012595 	 4.729012 
-0.042643 	 0.049684 	 0.529776 	 -0.071327 	 -0.176621 	 -0.499976 	 -1.891080 	 0.143129 
31.574352 	 1.453828 	 62.640337 	 0.178925 	 0.008896 	 0.353464 	 -0.046004 	 0.078515 
14.004158 	 -2.985823 	 9.651173 	 0.036287 	 -0.007363 	 0.024694 	 -0.138089 	 0.000990 
357.308966 	 76.401540 	 -219.561030 	 2.611585 	 0.559136 	 -1.604607 	 -0.012104 	 4.853887 
221.908588 	 142.194698 	 -88.941738 	 1.602027 	 1.026908 	 -0.642099 	 -0.019281 	 2.016661 
-78.505906 	 59.899383 	 170.584896 	 -0.559434 	 0.428320 	 1.217002 	 -0.019624 	 0.988759 
276.470871 	 -78.544596 	 -234.656120 	 2.016964 	 -0.571895 	 -1.711545 	 -0.013251 	 3.662296 
-1.605021 	 0.987591 	 -7.741886 	 0.069081 	 -0.051314 	 0.360246 	 -0.257611 	 0.068591 
0.078079 	 -31.732314 	 52.338510 	 0.000965 	 -0.160691 	 0.265830 	 -0.047118 	 0.048244 
10.198171 	 12.653479 	 15.802890 	 0.064496 	 0.079917 	 0.098577 	 -0.114108 	 0.010132 
-13.104203 	 197.263821 	 211.088918 	 -0.094221 	 1.431439 	 1.530490 	 -0.015619 	 2.200148 
1.398514 	 1.094164 	 1.969401 	 -0.114594 	 -0.092243 	 -0.146015 	 -0.628965 	 0.021480 
0.107249 	 0.150722 	 0.204748 	 -0.080895 	 -0.100559 	 -0.059007 	 -2.395107 	 0.010069 
167.276919 	 102.069159 	 149.494345 	 1.206405 	 0.736510 	 1.077112 	 -0.019235 	 1.579015 
2.806729 	 -3.157278 	 -3.153492 	 -0.188832 	 0.196412 	 0.206943 	 -0.334039 	 0.058530 
-125.414796 	 176.822604 	 -134.077656 	 -0.904473 	 1.277235 	 -0.968136 	 -0.017547 	 1.693344 
-0.104379 	 -0.152043 	 -0.067234 	 0.068074 	 -0.279162 	 -1.028203 	 -3.977838 	 0.569883 
-0.304951 	 0.465262 	 -0.136610 	 -0.101228 	 0.307568 	 -0.095163 	 -1.742212 	 0.056951 
95.022537 	 179.919046 	 -84.663138 	 0.680628 	 1.288080 	 -0.606034 	 -0.022811 	 1.244841 
-66.296672 	 114.550256 	 -5.446568 	 -0.455266 	 0.788794 	 -0.037775 	 -0.029386 	 0.415445 
-1.384148 	 3.421562 	 -1.113104 	 0.198076 	 -0.551591 	 0.180286 	 -0.434536 	 0.187995 
148.783635 	 -21.051643 	 -55.973922 	 1.038415 	 -0.145969 	 -0.390683 	 -0.027362 	 0.626123 
-0.117010 	 -0.058109 	 0.054832 	 0.072464 	 -0.884036 	 -0.137480 	 -5.154374 	 0.402836 
-20.787713 	 16.735857 	 161.874473 	 -0.145496 	 0.118626 	 1.138794 	 -0.022715 	 0.666047 
274.021088 	 269.299236 	 69.352482 	 2.000294 	 1.965910 	 0.505723 	 -0.013530 	 4.060867 
9.280423 	 -2.687714 	 -14.181564 	 0.121264 	 -0.033132 	 -0.183680 	 -0.144467 	 0.024771 
-0.008740 	 0.003689 	 0.167600 	 0.701322 	 0.852405 	 0.834504 	 -3.293026 	 0.957422 
-3.945170 	 4.128487 	 -15.336366 	 0.038273 	 -0.042433 	 0.153569 	 -0.148634 	 0.013424 
29.536032 	 -18.521099 	 -12.854563 	 0.232871 	 -0.144520 	 -0.101320 	 -0.077275 	 0.042690 
3.457343 	 1.712295 	 -4.521061 	 0.331926 	 0.170548 	 -0.424634 	 -0.318621 	 0.159788 
307.516776 	 -7.124856 	 121.158290 	 2.242237 	 -0.051045 	 0.882768 	 -0.014449 	 2.904755 
4.170552 	 1.292724 	 -2.784718 	 0.083362 	 0.027531 	 -0.055083 	 -0.354439 	 0.005371 
2.039072 	 4.243716 	 2.095104 	 0.032854 	 0.066678 	 0.031315 	 -0.352363 	 0.003253 
21.592262 	 20.269193 	 105.571077 	 0.144022 	 0.135308 	 0.700243 	 -0.032167 	 0.264695 
-0.328596 	 0.070324 	 -0.316415 	 0.368908 	 -0.326565 	 0.614953 	 -1.942921 	 0.310452 
33.412992 	 -1.078503 	 -26.024636 	 0.324949 	 -0.009275 	 -0.252687 	 -0.070666 	 0.084764 
-7.110883 	 7.239616 	 -7.907621 	 -0.125512 	 0.132006 	 -0.142611 	 -0.170022 	 0.026758 
0.261121 	 0.200011 	 -0.134849 	 0.610239 	 0.526235 	 -0.294232 	 -1.901864 	 0.367943 
47.960415 	 326.875581 	 110.109357 	 0.350099 	 2.381443 	 0.801573 	 -0.014070 	 3.218180 
-13.816597 	 171.471504 	 -152.369629 	 -0.108129 	 1.353848 	 -1.202532 	 -0.020673 	 1.645341 
95.668272 	 36.517153 	 42.048295 	 0.634471 	 0.242704 	 0.278240 	 -0.034770 	 0.269438 
203.154088 	 182.384043 	 36.443669 	 1.469032 	 1.318994 	 0.263059 	 -0.019005 	 1.983500 
34.132459 	 -14.232469 	 -9.501086 	 0.083184 	 -0.034277 	 -0.023189 	 -0.075351 	 0.004316 
-0.156988 	 0.074362 	 -0.180364 	 -0.132660 	 0.575326 	 -0.661595 	 -2.582921 	 0.393153 
-37.519593 	 193.490670 	 222.556730 	 -0.271851 	 1.407024 	 1.617043 	 -0.015015 	 2.334224 
48.361869 	 42.666815 	 -152.858272 	 0.345835 	 0.305274 	 -1.090887 	 -0.026656 	 0.701415 
-0.107807 	 -0.049126 	 0.145525 	 -0.046732 	 -0.846412 	 -1.174771 	 -4.287741 	 1.049342 
-0.308811 	 0.016843 	 -0.982420 	 -0.006600 	 0.004638 	 -0.034420 	 -1.320976 	 0.000625 
13.147613 	 -6.004645 	 0.485279 	 0.259386 	 -0.115087 	 0.008614 	 -0.163066 	 0.040300 
128.509619 	 11.207391 	 -51.777343 	 0.907544 	 0.079936 	 -0.365655 	 -0.030038 	 0.481865 
253.702143 	 70.807083 	 -73.989840 	 1.954068 	 0.546067 	 -0.569981 	 -0.019154 	 2.220724 
21.747995 	 25.095176 	 9.294274 	 0.031866 	 0.036760 	 0.013483 	 -0.081624 	 0.001274 
-108.478535 	 346.108606 	 -77.619354 	 -0.790334 	 2.525106 	 -0.566417 	 -0.012903 	 3.660807 
-2.336401 	 3.969204 	 -0.621304 	 0.305695 	 -0.562139 	 0.091555 	 -0.369002 	 0.208916 
-37.488653 	 20.099928 	 78.348015 	 -0.234165 	 0.126687 	 0.490566 	 -0.036258 	 0.155769 
-0.299933 	 0.539440 	 1.116924 	 0.135850 	 -0.477341 	 -0.774092 	 -1.067398 	 0.422764 
1.861446 	 3.546012 	 -2.854752 	 0.169473 	 0.314991 	 -0.249042 	 -0.362632 	 0.094981 
47.397952 	 209.592431 	 -29.893003 	 0.348109 	 1.536599 	 -0.219359 	 -0.022758 	 1.265217 
228.102977 	 210.993829 	 -77.662107 	 1.740800 	 1.610368 	 -0.592742 	 -0.016996 	 2.987507 
44.360331 	 72.046675 	 79.867188 	 0.307692 	 0.499315 	 0.552271 	 -0.032551 	 0.324496 
11.618695 	 169.789034 	 28.235535 	 0.082491 	 1.194843 	 0.198241 	 -0.025282 	 0.736877 
33.637884 	 -13.329708 	 -21.764660 	 0.436323 	 -0.170757 	 -0.281959 	 -0.070290 	 0.149519 
81.061525 	 162.743194 	 -173.409411 	 0.582672 	 1.169064 	 -1.245077 	 -0.020468 	 1.628217 
-8.570393 	 10.891455 	 -4.889803 	 -0.157138 	 0.204592 	 -0.091675 	 -0.158478 	 0.037477 
119.119366 	 59.607401 	 125.098892 	 0.845395 	 0.423501 	 0.886680 	 -0.023904 	 0.840123 
185.550406 	 147.346261 	 44.074541 	 1.369576 	 1.087827 	 0.324793 	 -0.021032 	 1.582298 
295.868487 	 16.068587 	 -368.313553 	 2.165869 	 0.118473 	 -2.695505 	 -0.010500 	 5.985386 
38.939236 	 -69.354281 	 32.261607 	 0.241260 	 -0.427724 	 0.199036 	 -0.037176 	 0.140385 
-44.546087 	 57.381200 	 79.439923 	 -0.293674 	 0.380045 	 0.524735 	 -0.032510 	 0.253013 
-0.123994 	 0.018115 	 -0.268409 	 0.004542 	 -0.052063 	 0.116788 	 -2.332956 	 0.008185 
7.001456 	 9.188268 	 23.932841 	 0.138982 	 0.181900 	 0.466731 	 -0.097800 	 0.135121 
-3.362646 	 6.277950 	 -22.008837 	 -0.030352 	 0.059750 	 -0.205907 	 -0.112868 	 0.023444 
48.972597 	 185.822488 	 -13.306126 	 0.345662 	 1.309456 	 -0.094021 	 -0.024429 	 0.921498 
84.140244 	 56.859889 	 235.947809 	 0.608666 	 0.411654 	 1.704245 	 -0.017051 	 1.722192 
21.371562 	 6.586618 	 -1.170197 	 0.304122 	 0.094962 	 -0.017202 	 -0.115458 	 0.050902 
0.257056 	 0.643934 	 0.860748 	 0.149367 	 0.309986 	 0.330343 	 -1.149955 	 0.113764 
0.049995 	 -0.043549 	 -0.051161 	 0.894500 	 0.431392 	 -0.531395 	 -3.122051 	 0.634305 
-16.469911 	 15.394744 	 -9.812003 	 -0.241945 	 0.229494 	 -0.145789 	 -0.102010 	 0.066230 
-0.117550 	 -0.129172 	 -0.051618 	 0.111053 	 0.146781 	 1.867699 	 -4.308788 	 1.761089 
183.398279 	 -45.210187 	 -43.278296 	 1.306219 	 -0.320939 	 -0.308374 	 -0.022855 	 0.952152 
103.400481 	 37.290744 	 -103.729287 	 0.736432 	 0.266168 	 -0.738296 	 -0.028390 	 0.579129 
-47.303008 	 163.611222 	 -111.334715 	 -0.429457 	 1.490027 	 -1.013595 	 -0.022098 	 1.715994 
62.219819 	 -111.250656 	 -164.911687 	 0.446099 	 -0.795336 	 -1.180573 	 -0.019455 	 1.112659 
6.211255 	 -35.705638 	 -153.669538 	 0.044304 	 -0.249331 	 -1.077047 	 -0.024801 	 0.612080 
360.178640 	 171.172438 	 39.644506 	 2.630069 	 1.250422 	 0.289071 	 -0.013057 	 4.282192 
131.187257 	 -23.866467 	 55.004112 	 1.140287 	 -0.206216 	 0.477301 	 -0.028039 	 0.785298 
-0.155804 	 -0.043860 	 0.037494 	 -0.975624 	 1.723486 	 -0.165587 	 -4.454470 	 1.974834 
5.726022 	 124.096833 	 -105.291889 	 0.040929 	 0.870900 	 -0.738521 	 -0.027052 	 0.652778 
189.863203 	 -70.591399 	 98.768502 	 1.364269 	 -0.506065 	 0.708964 	 -0.019359 	 1.309980 
72.512022 	 190.059109 	 -177.332029 	 0.556364 	 1.456956 	 -1.358868 	 -0.019002 	 2.139393 
118.911057 	 -19.358334 	 80.077320 	 0.979177 	 -0.158257 	 0.658410 	 -0.027503 	 0.708669 
-0.341922 	 0.069407 	 0.029299 	 0.413391 	 -0.343101 	 0.028136 	 -2.476869 	 0.144701 
-0.645380 	 0.168469 	 -0.708032 	 0.520833 	 -0.283125 	 0.735015 	 -1.234494 	 0.445837 
129.295288 	 191.183644 	 22.835835 	 0.922396 	 1.363598 	 0.162450 	 -0.021614 	 1.368302 
104.106072 	 257.550522 	 -123.826501 	 0.756214 	 1.869690 	 -0.898822 	 -0.017220 	 2.437741 
-0.104150 	 -0.122166 	 -0.014414 	 -0.174935 	 0.013344 	 1.356439 	 -5.100360 	 0.935354 
1.559052 	 -0.884513 	 -0.430857 	 -0.220598 	 0.100727 	 0.062821 	 -0.766737 	 0.031378 
-11.907776 	 1.428484 	 -27.540873 	 0.011455 	 -0.001505 	 0.026788 	 -0.087882 	 0.000426 
298.046524 	 75.552090 	 182.335646 	 2.176531 	 0.552412 	 1.330707 	 -0.013522 	 3.406615 
-0.165194 	 -0.117767 	 -0.091601 	 -0.475068 	 0.033948 	 -1.215225 	 -3.630322 	 0.851807 
2.317298 	 -1.219125 	 2.261273 	 -0.095008 	 0.042927 	 -0.086685 	 -0.466064 	 0.009192 
-116.450944 	 -94.849727 	 -93.654592 	 -0.824924 	 -0.671688 	 -0.664394 	 -0.021544 	 0.786542 
150.919184 	 -14.306447 	 -7.344263 	 1.047408 	 -0.098373 	 -0.051245 	 -0.028021 	 0.554684 
278.503172 	 182.619610 	 66.088940 	 2.027622 	 1.329900 	 0.480635 	 -0.015413 	 3.055449 
5.785786 	 -3.810261 	 -9.336899 	 -0.055811 	 0.034907 	 0.088784 	 -0.192599 	 0.006108 
31.588980 	 -26.728068 	 -41.454273 	 0.168306 	 -0.141259 	 -0.220328 	 -0.053030 	 0.048413 
0.434305 	 1.447801 	 -3.512567 	 -0.007895 	 -0.022687 	 0.051428 	 -0.432551 	 0.001611 
55.703183 	 6.213968 	 29.846849 	 0.290530 	 0.032978 	 0.155126 	 -0.050181 	 0.054779 
77.502471 	 57.223352 	 114.049414 	 0.581491 	 0.429632 	 0.854128 	 -0.027683 	 0.626125 
1.894525 	 -0.227967 	 0.060493 	 -0.057785 	 0.003064 	 -0.000447 	 -0.759882 	 0.001674 
-5.009163 	 41.301930 	 -80.021424 	 -0.031725 	 0.268339 	 -0.518665 	 -0.039266 	 0.171013 
13.698071 	 105.757447 	 -129.443100 	 0.098535 	 0.755456 	 -0.923909 	 -0.026456 	 0.717015 
8.750050 	 7.530227 	 -10.885617 	 0.149730 	 0.129285 	 -0.184683 	 -0.151119 	 0.036621 
69.828144 	 58.094078 	 48.551427 	 0.450923 	 0.375333 	 0.312735 	 -0.036072 	 0.221005 
18.817714 	 14.913839 	 -13.841581 	 -0.014058 	 -0.011166 	 0.010313 	 -0.097796 	 0.000214 
4.410652 	 -4.684071 	 0.085583 	 -0.044794 	 0.045190 	 -0.000402 	 -0.285134 	 0.002024 
241.739627 	 157.612501 	 -65.153951 	 1.860602 	 1.213474 	 -0.501586 	 -0.018411 	 2.592974 
-28.179428 	 -15.457412 	 -180.048267 	 -0.199101 	 -0.108786 	 -1.277510 	 -0.022015 	 0.841754 
-115.853730 	 84.431006 	 -198.579101 	 -0.834610 	 0.609705 	 -1.432270 	 -0.017663 	 1.559857 
2.015783 	 -5.657853 	 -18.407245 	 0.120029 	 -0.312330 	 -1.040986 	 -0.127541 	 0.597805 
-0.137756 	 -0.091137 	 0.045030 	 0.468388 	 -0.549546 	 -0.001253 	 -6.072726 	 0.260695 
-66.144138 	 90.164298 	 42.821874 	 -0.445579 	 0.609240 	 0.288654 	 -0.030914 	 0.326518 
65.160309 	 -22.444140 	 -68.843146 	 0.435298 	 -0.148868 	 -0.459412 	 -0.036556 	 0.211353 
-0.679243 	 0.090188 	 -0.340468 	 0.323917 	 -0.120887 	 0.220020 	 -1.473541 	 0.083972 
0.943263 	 3.154686 	 2.057874 	 -0.119663 	 -0.371583 	 -0.228298 	 -0.443385 	 0.102257 
-34.031588 	 -59.185722 	 -93.666585 	 -0.227697 	 -0.396486 	 -0.629067 	 -0.029738 	 0.302386 
-0.162102 	 -0.172592 	 0.383390 	 0.059026 	 0.059866 	 -0.397181 	 -2.178476 	 0.082410 
-2.759846 	 5.143372 	 -18.745074 	 -0.067000 	 0.133213 	 -0.475423 	 -0.129737 	 0.124131 
230.369801 	 169.593020 	 -235.730468 	 1.680083 	 1.237125 	 -1.718672 	 -0.014040 	 3.653495 
-1.021966 	 1.524720 	 0.521523 	 0.141187 	 -0.255379 	 -0.073926 	 -0.740891 	 0.045309 
0.082210 	 -0.257287 	 -0.063808 	 0.499455 	 -0.349346 	 -0.280002 	 -2.749051 	 0.224949 
0.135806 	 -0.024600 	 0.222414 	 -0.596384 	 -0.233584 	 -0.427402 	 -2.670196 	 0.296454 
-0.741772 	 3.127154 	 -4.771297 	 -0.082445 	 0.425168 	 -0.630313 	 -0.320292 	 0.292430 
-102.032664 	 -52.555957 	 -187.509361 	 -0.731800 	 -0.376483 	 -1.346655 	 -0.018035 	 1.245374 
-89.622229 	 160.330840 	 95.912435 	 -0.640101 	 1.147416 	 0.685561 	 -0.020327 	 1.098143 
-0.234024 	 0.396024 	 0.538988 	 -0.097510 	 0.412967 	 0.394155 	 -1.639910 	 0.167704 
120.191554 	 208.077946 	 24.215085 	 0.863409 	 1.494235 	 0.173467 	 -0.020957 	 1.504152 
7.068539 	 8.177706 	 1.264061 	 0.001943 	 0.002246 	 0.000330 	 -0.197649 	 0.000004 
162.469063 	 -94.979147 	 38.653909 	 1.157346 	 -0.675252 	 0.274841 	 -0.022052 	 0.935477 
180.032368 	 197.663318 	 -0.307881 	 1.372501 	 1.506904 	 -0.002688 	 -0.019735 	 2.077264 
376.877590 	 7.692649 	 -6.163266 	 2.749814 	 0.056998 	 -0.045284 	 -0.013318 	 3.783387 
28.394020 	 35.548449 	 -45.352044 	 0.254980 	 0.319063 	 -0.406069 	 -0.050433 	 0.165854 
3.413611 	 1.597717 	 3.138607 	 0.493381 	 0.240615 	 0.432955 	 -0.370205 	 0.244385 
-0.112457 	 -0.092699 	 0.075199 	 0.001913 	 -0.085014 	 -0.089003 	 -6.128018 	 0.007576 
-4.847928 	 15.232654 	 -62.815254 	 -0.026681 	 0.086500 	 -0.354130 	 -0.049194 	 0.066801 
0.241207 	 2.338254 	 6.881957 	 -0.007132 	 -0.049694 	 -0.138122 	 -0.257086 	 0.010799 
9.394575 	 -0.861956 	 0.104152 	 0.233705 	 -0.018201 	 0.001455 	 -0.224249 	 0.027476 
162.916362 	 -85.851118 	 75.570429 	 1.162749 	 -0.611440 	 0.538662 	 -0.021130 	 1.008000 
0.383900 	 -0.123951 	 0.795695 	 -0.303970 	 0.001453 	 -0.460353 	 -1.356842 	 0.152163 
177.706891 	 31.758591 	 -30.901281 	 1.257923 	 0.225526 	 -0.218920 	 -0.025593 	 0.840579 
-85.659111 	 129.232470 	 98.801381 	 -0.607357 	 0.918370 	 0.701137 	 -0.022076 	 0.851940 
107.035487 	 -69.070290 	 79.374665 	 0.746919 	 -0.480638 	 0.553004 	 -0.025564 	 0.547357 
0.893988 	 -1.279488 	 -0.596320 	 0.064588 	 -0.074356 	 -0.041180 	 -0.792597 	 0.005698 
1.137801 	 -0.503839 	 1.402157 	 -0.629144 	 0.192456 	 -0.683311 	 -0.815308 	 0.449888 
14.372629 	 8.480556 	 12.577730 	 0.333859 	 0.198275 	 0.288874 	 -0.121723 	 0.117112 
246.718128 	 -3.194348 	 -208.535313 	 1.794649 	 -0.022341 	 -1.516544 	 -0.015459 	 2.760584 
-0.084319 	 -0.125730 	 0.028874 	 -1.184450 	 0.178774 	 0.693181 	 -6.238570 	 0.957691 
-58.292518 	 23.835023 	 -116.331930 	 -0.398934 	 0.164266 	 -0.797975 	 -0.028958 	 0.411448 
193.779781 	 171.678610 	 -114.104317 	 1.399849 	 1.240354 	 -0.824129 	 -0.019059 	 2.088622 
0.867089 	 1.507251 	 0.179847 	 -0.128907 	 -0.214494 	 -0.017763 	 -0.790044 	 0.031470 
69.206050 	 406.000429 	 -104.818096 	 0.506458 	 2.967255 	 -0.766162 	 -0.012112 	 4.824052 
190.573488 	 179.967116 	 -88.190261 	 1.457568 	 1.376569 	 -0.674456 	 -0.019393 	 2.237168 
163.038093 	 96.114351 	 252.161577 	 1.186123 	 0.699649 	 1.832923 	 -0.014829 	 2.628001 
-8.297550 	 112.331487 	 43.357445 	 -0.057078 	 0.784116 	 0.302011 	 -0.031839 	 0.354653 
-0.001236 	 -0.384847 	 -0.220799 	 -0.372857 	 0.887759 	 0.896171 	 -2.050429 	 0.865130 
152.715469 	 197.828211 	 43.640849 	 1.435392 	 1.859194 	 0.409463 	 -0.019975 	 2.842306 
0.371127 	 -0.190793 	 0.156496 	 -1.425400 	 0.204280 	 -0.329199 	 -1.992946 	 1.090934 
31.265160 	 162.121994 	 -13.053953 	 0.480043 	 2.482199 	 -0.200403 	 -0.026600 	 3.215958 
-0.110455 	 -0.085341 	 0.043517 	 0.009585 	 0.256868 	 -0.010234 	 -6.185324 	 0.033089 
-21.079864 	 80.608207 	 -8.482129 	 -0.130562 	 0.502682 	 -0.053096 	 -0.041856 	 0.136277 
18.638239 	 23.042446 	 31.245376 	 0.194042 	 0.239721 	 0.322889 	 -0.067699 	 0.099688 
84.416929 	 50.919079 	 -173.702678 	 0.600037 	 0.362318 	 -1.233368 	 -0.023755 	 1.006258 
4.690271 	 -18.562685 	 -62.109133 	 0.037096 	 -0.142459 	 -0.480146 	 -0.048151 	 0.126105 
15.489620 	 -14.807155 	 -3.947272 	 0.509235 	 -0.479342 	 -0.130308 	 -0.112920 	 0.253035 
7.886039 	 22.298053 	 -5.475904 	 -0.010060 	 -0.028199 	 0.006944 	 -0.107230 	 0.000472 
-0.489028 	 0.025727 	 0.011616 	 -0.419520 	 0.163826 	 -0.037084 	 -1.986273 	 0.102105 
258.124851 	 -162.520188 	 -34.741660 	 1.876235 	 -1.179918 	 -0.252744 	 -0.014634 	 2.488171 
0.432749 	 -0.051520 	 0.471771 	 -0.212373 	 -0.027324 	 -0.166453 	 -1.645577 	 0.036778 
-0.121425 	 -0.109608 	 0.053165 	 0.994865 	 -1.238547 	 -0.848591 	 -7.519308 	 1.621931 
2.757339 	 -1.721127 	 -20.976384 	 0.032229 	 -0.017968 	 -0.236135 	 -0.120581 	 0.028561 
1.845758 	 2.149886 	 2.263998 	 -0.214659 	 -0.249081 	 -0.243331 	 -0.472542 	 0.083665 
-2.653298 	 12.340987 	 -2.527704 	 -0.143452 	 0.703438 	 -0.145212 	 -0.171775 	 0.268245 
1.961283 	 -0.574848 	 -0.211356 	 -0.382357 	 0.083600 	 0.047275 	 -0.730367 	 0.077710 
0.827300 	 -4.904627 	 -1.609567 	 -0.123608 	 0.629557 	 0.217773 	 -0.318251 	 0.229523 
108.770247 	 328.847186 	 113.064617 	 0.793572 	 2.397644 	 0.823728 	 -0.013760 	 3.528491 
0.029386 	 -0.145531 	 0.090059 	 1.720209 	 -0.291789 	 0.549452 	 -3.791979 	 1.673078 
-0.118972 	 -0.087787 	 0.101515 	 -0.031320 	 0.147732 	 0.247228 	 -5.707902 	 0.041964 
-0.211813 	 0.282008 	 0.964065 	 -0.044082 	 0.177900 	 0.405136 	 -1.230534 	 0.098863 
-0.111912 	 -0.121524 	 0.044711 	 0.844461 	 -0.464462 	 2.009596 	 -9.649527 	 2.483657 
-49.791753 	 -7.470845 	 -15.008909 	 -0.215666 	 -0.031904 	 -0.065350 	 -0.053127 	 0.025900 
-0.373407 	 1.808444 	 -0.325871 	 -0.116051 	 0.856199 	 -0.164509 	 -0.742489 	 0.386804 
229.535597 	 174.314272 	 -129.476110 	 1.750463 	 1.329619 	 -0.987261 	 -0.017039 	 2.903346 
166.173616 	 26.910514 	 -16.022584 	 2.545891 	 0.413871 	 -0.246000 	 -0.027012 	 3.356683 
0.113012 	 -0.309357 	 -0.351756 	 -0.273139 	 0.228133 	 0.481983 	 -1.857136 	 0.179478 
321.243468 	 121.421471 	 -71.658951 	 2.340203 	 0.885112 	 -0.522169 	 -0.015310 	 3.266317 
319.324860 	 -98.430918 	 107.656128 	 2.327885 	 -0.716426 	 0.784213 	 -0.013260 	 3.273654 
95.451013 	 163.239674 	 -146.983144 	 0.684243 	 1.169689 	 -1.052742 	 -0.021358 	 1.472313 
1.705309 	 0.315685 	 -1.109003 	 -0.326495 	 -0.078567 	 0.207341 	 -0.685984 	 0.077881 
-74.414335 	 392.017905 	 155.704504 	 -0.543213 	 2.866865 	 1.138000 	 -0.010994 	 4.904520 
3.098447 	 -0.552134 	 -15.811520 	 -0.030797 	 0.004130 	 0.152117 	 -0.151795 	 0.012053 
2.022943 	 -0.334953 	 -0.203014 	 -0.000875 	 0.000087 	 0.000102 	 -0.728423 	 0.000000 
-33.866124 	 206.801561 	 -56.666307 	 -0.315118 	 1.931760 	 -0.529436 	 -0.021132 	 2.055649 
0.049200 	 0.338334 	 0.990068 	 -0.164957 	 -0.471198 	 -0.968293 	 -1.220206 	 0.593415 
129.863445 	 114.899955 	 209.015173 	 0.940470 	 0.832269 	 1.512059 	 -0.017124 	 1.931740 
8.853020 	 -2.321765 	 -8.615185 	 0.284262 	 -0.069765 	 -0.274601 	 -0.184443 	 0.080539 
235.530784 	 91.851511 	 52.369829 	 1.700603 	 0.663758 	 0.377622 	 -0.019518 	 1.737612 
-151.547053 	 351.949347 	 -258.811263 	 -1.108132 	 2.576289 	 -1.894188 	 -0.010226 	 5.726586 
9.642897 	 -3.894550 	 5.547081 	 0.317258 	 -0.122710 	 0.178948 	 -0.182076 	 0.073866 
14.080738 	 2.515263 	 -0.973607 	 -0.118427 	 -0.022003 	 0.008499 	 -0.163308 	 0.007291 
131.744479 	 35.675115 	 42.192462 	 0.911574 	 0.247476 	 0.291382 	 -0.029399 	 0.488557 
93.689063 	 75.284823 	 96.180323 	 0.675623 	 0.543132 	 0.692438 	 -0.027273 	 0.615464 
6.160982 	 1.204432 	 3.624925 	 -0.431076 	 -0.091126 	 -0.246021 	 -0.273730 	 0.127329 
-1.562393 	 3.526517 	 4.030104 	 0.050193 	 -0.126231 	 -0.137894 	 -0.315522 	 0.018734 
-47.195357 	 214.095953 	 97.229738 	 -0.339032 	 1.542503 	 0.699793 	 -0.018688 	 1.491985 
-152.214553 	 23.610845 	 -123.359873 	 -1.085467 	 0.169364 	 -0.880667 	 -0.019877 	 0.991249 
-0.485820 	 2.129763 	 0.962546 	 0.021331 	 -0.128400 	 -0.052332 	 -0.634603 	 0.009840 
-25.145363 	 19.919331 	 -8.420066 	 -0.008650 	 0.006925 	 -0.002925 	 -0.079458 	 0.000066 
90.624578 	 42.961467 	 -122.874120 	 0.633986 	 0.301026 	 -0.858850 	 -0.027501 	 0.615089 
-14.156740 	 -129.428771 	 -53.581480 	 -0.097283 	 -0.895650 	 -0.371445 	 -0.024637 	 0.474813 
218.222916 	 -158.577624 	 -90.145760 	 1.582855 	 -1.148754 	 -0.653853 	 -0.015492 	 2.126294 
286.247882 	 96.359536 	 43.004221 	 2.078105 	 0.700161 	 0.311754 	 -0.016965 	 2.452969 
-55.853114 	 114.204119 	 104.868736 	 -0.392028 	 0.804051 	 0.737224 	 -0.024149 	 0.671842 
-0.123063 	 -0.159584 	 0.072001 	 0.150191 	 0.507110 	 -0.360832 	 -5.150554 	 0.204959 
-4.821764 	 -171.321063 	 -37.352941 	 -0.033371 	 -1.212973 	 -0.264969 	 -0.020493 	 0.771313 
-8.761137 	 11.121314 	 -6.614022 	 0.084758 	 -0.110174 	 0.065254 	 -0.150658 	 0.011790 
5.941621 	 -4.234623 	 -11.934715 	 0.669295 	 -0.454757 	 -1.324528 	 -0.167705 	 1.204567 
318.363867 	 103.412029 	 -266.744020 	 2.327126 	 0.756528 	 -1.949448 	 -0.011995 	 4.894099 
8.851887 	 10.858071 	 -20.142105 	 0.066480 	 0.081431 	 -0.149719 	 -0.107788 	 0.016733 
250.109968 	 93.207026 	 -107.610620 	 1.812323 	 0.675967 	 -0.779735 	 -0.018503 	 2.174717 
-0.211515 	 0.067862 	 -0.049579 	 0.879320 	 -1.670696 	 0.833741 	 -2.845695 	 2.129777 
0.050262 	 -0.288007 	 -0.060179 	 -0.679589 	 0.697854 	 0.440875 	 -2.743831 	 0.571606 
-0.363779 	 0.139396 	 0.197629 	 0.416948 	 -0.431849 	 -0.252627 	 -2.253384 	 0.212080 
170.327163 	 46.463355 	 265.164140 	 1.241213 	 0.339252 	 1.930717 	 -0.014348 	 2.691686 
32.907544 	 140.615805 	 -164.235033 	 0.235855 	 1.005276 	 -1.173439 	 -0.021926 	 1.221583 
16.089993 	 -1.274308 	 -1.672750 	 0.178061 	 -0.012669 	 -0.018878 	 -0.148798 	 0.016111 
0.339872 	 0.539267 	 -0.465256 	 -0.520917 	 -0.762151 	 0.588428 	 -1.295935 	 0.599238 
-115.311674 	 -92.635025 	 -97.113484 	 -0.816754 	 -0.655910 	 -0.688842 	 -0.021595 	 0.785904 
9.093963 	 5.623676 	 22.528855 	 0.072528 	 0.045264 	 0.177141 	 -0.102833 	 0.019344 
0.020844 	 0.099904 	 0.162978 	 -0.133287 	 -0.222547 	 -0.118583 	 -2.816500 	 0.040677 
192.017143 	 90.020580 	 -108.897999 	 1.372738 	 0.644055 	 -0.778384 	 -0.021274 	 1.452548 
-7.521826 	 38.039655 	 -15.581114 	 -0.041373 	 0.213070 	 -0.087247 	 -0.069454 	 0.027361 
82.086220 	 152.439859 	 59.935652 	 0.581520 	 1.079315 	 0.423704 	 -0.024527 	 0.841305 
126.273646 	 161.447840 	 -112.902695 	 0.945483 	 1.208693 	 -0.844956 	 -0.021721 	 1.534413 
29.973462 	 8.578142 	 54.331905 	 0.359254 	 0.103885 	 0.648251 	 -0.050047 	 0.280042 
106.784193 	 268.958347 	 308.184746 	 0.781370 	 1.966875 	 2.252388 	 -0.011234 	 4.776196 
51.195110 	 69.789739 	 -170.347716 	 0.363621 	 0.495474 	 -1.207604 	 -0.024271 	 0.918011 
8.586722 	 -4.549480 	 -4.578632 	 0.557832 	 -0.283959 	 -0.296509 	 -0.202746 	 0.239864 
-0.178361 	 0.681862 	 1.068778 	 -0.001740 	 0.021003 	 0.026764 	 -1.078000 	 0.000580 
-0.166543 	 0.236873 	 0.355325 	 0.079882 	 -0.523132 	 -0.452949 	 -2.228342 	 0.242605 
99.005110 	 234.693079 	 -66.771515 	 0.764418 	 1.810959 	 -0.515308 	 -0.020073 	 2.064724 
26.146739 	 11.856457 	 18.860640 	 0.265843 	 0.121266 	 0.190491 	 -0.081866 	 0.060832 
-0.053246 	 -0.094278 	 -0.045352 	 0.964090 	 0.449493 	 -1.486811 	 -4.086807 	 1.671060 
2.196365 	 1.187713 	 -0.711536 	 -0.655292 	 -0.371710 	 0.214770 	 -0.588154 	 0.306851 
0.298230 	 1.532244 	 0.659833 	 -0.002906 	 -0.011721 	 -0.004358 	 -0.829157 	 0.000082 
-0.100762 	 -0.126165 	 0.077811 	 0.404556 	 -0.167884 	 1.203241 	 -5.899677 	 0.819819 
159.067079 	 100.270151 	 161.225977 	 1.147704 	 0.723840 	 1.162140 	 -0.019027 	 1.595868 
8.677070 	 -9.075431 	 -121.108165 	 0.076681 	 -0.078120 	 -1.057031 	 -0.030631 	 0.564648 
-7.667425 	 12.321333 	 -0.701437 	 -0.053171 	 0.087565 	 -0.005253 	 -0.154543 	 0.005261 
0.537036 	 -0.228279 	 0.525179 	 -0.418902 	 0.068886 	 -0.310035 	 -1.470186 	 0.138173 
65.456183 	 206.058823 	 -52.547610 	 0.469590 	 1.476639 	 -0.376661 	 -0.022652 	 1.271425 
-0.104839 	 -0.111164 	 0.036750 	 -0.506643 	 -0.757437 	 0.597028 	 -8.042670 	 0.593420 
-144.940548 	 98.487132 	 -94.737293 	 -1.033758 	 0.703849 	 -0.676536 	 -0.020754 	 1.010880 
-39.450255 	 161.970933 	 41.115383 	 -0.298147 	 1.228502 	 0.311274 	 -0.024569 	 0.847501 
-0.069088 	 0.138407 	 0.022125 	 -0.219216 	 -1.334153 	 0.117182 	 -2.824840 	 0.920876 
100.180875 	 -70.659006 	 -116.882362 	 0.709643 	 -0.499103 	 -0.827345 	 -0.023938 	 0.718598 
-0.356990 	 -0.824370 	 -1.663777 	 0.085080 	 0.243871 	 0.592941 	 -0.708226 	 0.209145 
0.086853 	 0.302961 	 0.232049 	 -0.178601 	 -0.381676 	 -0.168197 	 -2.090604 	 0.102933 
111.769564 	 82.641681 	 -71.036067 	 0.783092 	 0.579285 	 -0.497518 	 -0.027903 	 0.598164 
0.506320 	 0.188253 	 1.137236 	 0.097470 	 0.048857 	 0.172236 	 -1.051704 	 0.020776 
406.685898 	 -115.748709 	 -1.667563 	 2.973577 	 -0.845202 	 -0.012518 	 -0.011286 	 4.778341 
1.164168 	 -0.643661 	 -8.949836 	 0.096806 	 -0.039609 	 -0.682418 	 -0.231315 	 0.238317 
-50.332387 	 145.783457 	 -203.477921 	 -0.362508 	 1.053189 	 -1.469093 	 -0.018105 	 1.699427 
7.460930 	 -3.716961 	 0.462988 	 0.402610 	 -0.191151 	 0.022225 	 -0.242952 	 0.099564 
0.221626 	 0.018229 	 -0.060686 	 1.067826 	 0.447747 	 -0.338338 	 -2.310181 	 0.727601 
116.795006 	 127.329706 	 -187.949449 	 0.872606 	 0.951312 	 -1.403213 	 -0.020055 	 1.817721 
-5.702225 	 62.818206 	 -75.255033 	 -0.036616 	 0.412240 	 -0.493197 	 -0.037081 	 0.207263 
1.245475 	 -1.386502 	 -5.094664 	 0.087640 	 -0.081676 	 -0.331865 	 -0.329964 	 0.062243 
0.024343 	 -0.235759 	 0.275431 	 -0.167262 	 0.140268 	 -0.283134 	 -2.576363 	 0.063908 
9.964097 	 -2.700403 	 -4.642028 	 -0.340851 	 0.087237 	 0.158553 	 -0.198065 	 0.074464 
-46.207268 	 -12.531063 	 -49.729712 	 -0.255690 	 -0.068835 	 -0.276098 	 -0.044212 	 0.073173 
-0.271899 	 0.661953 	 0.541881 	 -0.164019 	 0.802755 	 0.509109 	 -1.373627 	 0.465255 
180.680442 	 235.157639 	 -56.656855 	 1.367661 	 1.779845 	 -0.428939 	 -0.017881 	 2.611167 
162.344175 	 51.359257 	 -152.300713 	 1.160982 	 0.367905 	 -1.088729 	 -0.021753 	 1.334282 
-0.004692 	 0.874580 	 1.225610 	 -0.012442 	 -0.115707 	 -0.137135 	 -0.944048 	 0.016174 
0.833539 	 -0.063676 	 -0.612409 	 -0.765300 	 -0.046877 	 0.532170 	 -1.095272 	 0.435543 
-0.187104 	 0.018060 	 0.162315 	 -0.048347 	 0.089662 	 0.075352 	 -3.315960 	 0.008027 
106.042070 	 219.313339 	 -54.315649 	 0.763721 	 1.578718 	 -0.391096 	 -0.020960 	 1.614287 
106.067267 	 148.630878 	 -188.858934 	 0.844866 	 1.183622 	 -1.503107 	 -0.019807 	 2.187044 
138.630785 	 -28.624472 	 18.422493 	 0.960616 	 -0.197346 	 0.127241 	 -0.028646 	 0.488960 
6.769963 	 -11.572741 	 -20.124087 	 0.115004 	 -0.191364 	 -0.337052 	 -0.104643 	 0.081725 
1.454325 	 1.083808 	 2.104462 	 -0.181902 	 -0.140002 	 -0.239205 	 -0.607593 	 0.054954 
120.212588 	 -73.898863 	 -292.113193 	 0.875346 	 -0.536721 	 -2.125418 	 -0.014094 	 2.785851 
0.033676 	 -0.549030 	 -0.091898 	 0.013973 	 -0.041055 	 -0.013145 	 -1.756468 	 0.001027 
-52.164007 	 30.060676 	 -116.702734 	 -0.358219 	 0.207712 	 -0.803449 	 -0.029317 	 0.408498 
18.205867 	 6.304329 	 9.685816 	 -0.132038 	 -0.046320 	 -0.069494 	 -0.118299 	 0.012204 
4.125771 	 4.820634 	 -4.068952 	 -0.169415 	 -0.197586 	 0.164471 	 -0.263346 	 0.047396 
310.519410 	 -146.804558 	 -75.196064 	 2.263806 	 -1.068990 	 -0.548339 	 -0.013232 	 3.284117 
107.201664 	 226.075246 	 247.227210 	 0.781966 	 1.648238 	 1.801154 	 -0.013564 	 3.286157 
0.511064 	 0.270216 	 0.348563 	 -0.090814 	 -0.057124 	 -0.044265 	 -1.496842 	 0.006735 
-0.170971 	 -0.386315 	 -0.464931 	 0.113214 	 0.506583 	 0.975708 	 -1.580732 	 0.610725 
17.289694 	 26.662323 	 -248.124798 	 0.125542 	 0.193231 	 -1.790403 	 -0.017756 	 1.629320 
7.908555 	 2.537993 	 6.174169 	 0.198899 	 0.065955 	 0.152000 	 -0.205536 	 0.033507 
-30.245366 	 75.272896 	 97.039727 	 -0.205224 	 0.513474 	 0.660582 	 -0.029237 	 0.371071 
294.377943 	 -111.292640 	 -306.405437 	 2.153533 	 -0.812967 	 -2.240998 	 -0.010952 	 5.160347 
-0.291566 	 1.045316 	 0.935673 	 0.033741 	 -0.219029 	 -0.167188 	 -0.952567 	 0.038532 
-1.100290 	 1.931323 	 -0.550364 	 -0.240144 	 0.498738 	 -0.144630 	 -0.648053 	 0.163663 
1.033247 	 0.101891 	 1.995490 	 0.138690 	 0.027067 	 0.236251 	 -0.675605 	 0.037891 
0.105021 	 0.903573 	 1.421807 	 -0.094873 	 -0.448556 	 -0.602438 	 -0.856767 	 0.286568 
-49.147087 	 74.721642 	 31.698754 	 -0.462302 	 0.705618 	 0.298430 	 -0.037064 	 0.400341 
-6.771776 	 18.267815 	 -1.063099 	 -0.123958 	 0.342270 	 -0.020624 	 -0.123654 	 0.066470 
28.681340 	 12.784667 	 -8.862997 	 0.006939 	 0.003110 	 -0.002147 	 -0.085817 	 0.000031 
195.258668 	 152.098119 	 -119.320629 	 1.490855 	 1.161575 	 -0.910869 	 -0.019446 	 2.200794 
82.940642 	 229.823986 	 -16.815861 	 0.595249 	 1.648053 	 -0.120844 	 -0.021217 	 1.542502 
2.690801 	 -1.481026 	 -0.363320 	 -0.391117 	 0.189717 	 0.056978 	 -0.519455 	 0.096106 
0.366811 	 -0.124646 	 -0.200660 	 -0.424010 	 0.002715 	 0.217597 	 -1.808108 	 0.113570 
1.647088 	 1.599688 	 0.090767 	 -0.086296 	 -0.084450 	 -0.002247 	 -0.652866 	 0.007292 
-0.042577 	 -0.100750 	 -0.023743 	 -0.680786 	 -0.204847 	 0.675611 	 -4.264073 	 0.480941 
0.194118 	 143.222443 	 -37.765902 	 0.002176 	 1.019513 	 -0.268924 	 -0.028335 	 0.555866 
9.173675 	 14.672269 	 13.123880 	 0.113018 	 0.180063 	 0.159190 	 -0.117116 	 0.035269 
139.567405 	 -2.751033 	 66.492217 	 0.975839 	 -0.018370 	 0.464220 	 -0.027010 	 0.584049 
-1.737533 	 2.259315 	 -1.574669 	 0.244873 	 -0.358620 	 0.243955 	 -0.492161 	 0.124042 
0.101128 	 -0.025424 	 0.063505 	 -1.458326 	 -0.658551 	 -0.127006 	 -3.047579 	 1.288267 
172.749750 	 -79.029222 	 31.924112 	 1.230194 	 -0.561557 	 0.226872 	 -0.022130 	 0.940097 
-65.677502 	 99.883691 	 -1.249238 	 -0.468988 	 0.715332 	 -0.009257 	 -0.031547 	 0.365868 
-13.152272 	 115.564747 	 -107.467264 	 -0.092840 	 0.823615 	 -0.765420 	 -0.027231 	 0.636415 
11.582584 	 6.368467 	 -42.182448 	 0.039914 	 0.022151 	 -0.144125 	 -0.066754 	 0.011428 
-0.042731 	 -0.071806 	 0.159978 	 -0.316328 	 -0.227941 	 -0.526712 	 -3.791536 	 0.214723 
-0.050533 	 0.394423 	 0.227326 	 0.153790 	 1.295085 	 0.457705 	 -2.028874 	 0.955195 
104.993532 	 112.681771 	 229.479597 	 0.760839 	 0.816563 	 1.660836 	 -0.016600 	 2.002013 
309.090916 	 -138.220274 	 -256.572410 	 2.260188 	 -1.009464 	 -1.875804 	 -0.011257 	 4.823054 
0.478793 	 0.118971 	 -1.019587 	 -0.042877 	 -0.017464 	 0.077285 	 -1.026493 	 0.004058 
0.119027 	 0.504482 	 -0.213757 	 -0.399379 	 -1.083185 	 0.447622 	 -1.598477 	 0.766580 
140.371830 	 14.024391 	 45.606419 	 0.991062 	 0.099795 	 0.321420 	 -0.028401 	 0.547737 
-0.173682 	 -0.214195 	 -0.106922 	 0.298194 	 0.446337 	 0.731973 	 -2.965162 	 0.411960 
0.082492 	 -0.084621 	 0.203426 	 -0.643151 	 -0.122344 	 -0.524535 	 -2.991010 	 0.351874 
0.168115 	 -0.227490 	 -0.484139 	 -0.418499 	 0.158339 	 0.791033 	 -1.674855 	 0.412973 
-0.342511 	 2.567869 	 -6.927954 	 -0.014946 	 0.174240 	 -0.451750 	 -0.267934 	 0.117331 
-9.281663 	 56.590780 	 18.496620 	 -0.045745 	 0.282914 	 0.092048 	 -0.052896 	 0.045303 
175.384103 	 196.411250 	 -24.811008 	 1.266422 	 1.418229 	 -0.179367 	 -0.020038 	 1.823685 
0.073431 	 -0.271251 	 0.112844 	 -0.788837 	 0.637366 	 -0.289080 	 -2.909838 	 0.556034 
-0.028232 	 0.158972 	 -0.214734 	 -0.266559 	 -0.894810 	 0.828284 	 -2.229057 	 0.778896 
10.547481 	 4.378395 	 4.411447 	 -0.008954 	 -0.003780 	 -0.003668 	 -0.182287 	 0.000054 
-133.647974 	 -58.567426 	 -80.880340 	 -0.941633 	 -0.412132 	 -0.570647 	 -0.021730 	 0.691082 
12.777353 	 4.150716 	 -11.902701 	 0.049380 	 0.016368 	 -0.045773 	 -0.138748 	 0.002401 
1.859364 	 8.219053 	 0.001989 	 -0.003443 	 -0.014567 	 0.000075 	 -0.237308 	 0.000112 
-0.194421 	 -0.098726 	 0.089063 	 0.600420 	 -0.166112 	 -0.320521 	 -4.254723 	 0.245416 
-2.953342 	 -0.486915 	 -9.185515 	 0.028893 	 0.003715 	 0.093858 	 -0.216425 	 0.004829 
-0.136501 	 0.493218 	 0.967680 	 -0.020734 	 0.516214 	 0.774757 	 -1.208816 	 0.433578 
276.742803 	 25.491502 	 -126.439678 	 2.009180 	 0.185878 	 -0.917920 	 -0.016627 	 2.456966 
-0.145912 	 0.071975 	 0.148895 	 0.103625 	 -0.588110 	 -0.315796 	 -3.172240 	 0.228170 
148.842533 	 -49.050755 	 -7.878675 	 1.042206 	 -0.342348 	 -0.055440 	 -0.026390 	 0.603234 
50.182550 	 54.240202 	 -150.466246 	 0.353716 	 0.382322 	 -1.058533 	 -0.027039 	 0.695889 
2.946286 	 23.882497 	 -4.619832 	 -0.002639 	 -0.020716 	 0.004026 	 -0.105717 	 0.000226 
-0.548504 	 280.803055 	 -17.019676 	 -0.003162 	 2.033978 	 -0.123553 	 -0.017380 	 2.076170 
-164.455713 	 260.580812 	 -186.915633 	 -1.198263 	 1.900831 	 -1.363166 	 -0.012890 	 3.453607 
12.474137 	 -6.088882 	 1.254402 	 -0.024752 	 0.011735 	 -0.002379 	 -0.167032 	 0.000378 
0.487460 	 -0.862191 	 -0.862813 	 0.006858 	 -0.008476 	 -0.010389 	 -0.946302 	 0.000113 
1.575133 	 -57.280414 	 0.859500 	 0.008076 	 -0.273646 	 0.003900 	 -0.049467 	 0.037481 
152.705243 	 239.379774 	 -59.540490 	 1.173505 	 1.839167 	 -0.457566 	 -0.018439 	 2.484508 
6.879322 	 1.741429 	 9.299303 	 -0.096341 	 -0.025673 	 -0.127530 	 -0.183563 	 0.013102 
0.585105 	 -0.545612 	 -1.304513 	 0.374936 	 -0.228127 	 -0.726012 	 -0.845448 	 0.359856 
196.428277 	 109.465442 	 40.359474 	 1.431957 	 0.798432 	 0.293724 	 -0.021734 	 1.387133 
-4.227866 	 -1.422750 	 -11.941460 	 -0.111673 	 -0.035302 	 -0.325205 	 -0.172384 	 0.059738 
160.103323 	 -5.317621 	 -44.412120 	 1.176542 	 -0.038157 	 -0.326471 	 -0.026993 	 0.746146 
153.228972 	 -100.399153 	 41.186055 	 1.089920 	 -0.712756 	 0.292424 	 -0.022178 	 0.890729 
-44.173409 	 53.047570 	 -25.097015 	 -0.280219 	 0.338140 	 -0.159896 	 -0.044522 	 0.109214 
195.813050 	 20.678855 	 -22.114539 	 1.430908 	 0.151913 	 -0.161839 	 -0.023850 	 1.048383 
90.756821 	 137.550309 	 -171.091228 	 0.662938 	 1.004394 	 -1.248535 	 -0.021377 	 1.503567 
-18.661350 	 32.957891 	 19.832611 	 -0.183381 	 0.327023 	 0.195621 	 -0.065808 	 0.089420 
-24.619003 	 -9.178139 	 -9.015189 	 0.054520 	 0.020148 	 0.020156 	 -0.085587 	 0.001892 
132.022610 	 309.483148 	 -82.351358 	 0.961891 	 2.253812 	 -0.599816 	 -0.015340 	 3.182340 
54.579046 	 95.780206 	 -347.516867 	 0.398694 	 0.699119 	 -2.533708 	 -0.012927 	 3.533701 
86.292597 	 104.920065 	 -218.983975 	 0.623745 	 0.758285 	 -1.581149 	 -0.018975 	 1.732043 
120.957858 	 -88.971087 	 -107.154222 	 0.859051 	 -0.630432 	 -0.760633 	 -0.022311 	 0.856988 
-0.218359 	 0.587412 	 0.580190 	 0.051943 	 -0.345629 	 -0.260920 	 -1.443208 	 0.095119 
-48.252075 	 39.515684 	 -7.766772 	 -0.250101 	 0.205926 	 -0.040584 	 -0.049000 	 0.053301 
-0.911551 	 0.337454 	 -0.345759 	 -0.546294 	 0.313561 	 -0.266895 	 -1.185035 	 0.233995 
0.493903 	 -0.148473 	 0.617737 	 0.511875 	 -0.022726 	 0.484042 	 -1.461609 	 0.248415 
-0.130412 	 0.229012 	 0.135304 	 0.009517 	 -0.179355 	 -0.046217 	 -2.471588 	 0.017197 
-149.801932 	 250.647160 	 -34.990383 	 -1.086176 	 1.819619 	 -0.254222 	 -0.015295 	 2.277711 
-138.717096 	 328.508663 	 -102.900541 	 -1.010784 	 2.396548 	 -0.750734 	 -0.012751 	 3.664364 
33.355170 	 204.563434 	 -194.258439 	 0.242713 	 1.484437 	 -1.409147 	 -0.017714 	 2.124080 
0.202084 	 -0.065884 	 0.321064 	 -1.401987 	 -0.248773 	 -1.233209 	 -2.263411 	 1.774129 
41.200499 	 271.336016 	 -262.163580 	 0.301311 	 1.979876 	 -1.912418 	 -0.013252 	 3.834021 
-0.214885 	 -0.048786 	 0.027966 	 -1.618924 	 1.143327 	 -0.266929 	 -3.722923 	 1.999682 
2.727891 	 1.608975 	 -0.288622 	 0.327613 	 0.199653 	 -0.038485 	 -0.510547 	 0.074336 
-100.057729 	 130.888040 	 -208.294148 	 -0.723568 	 0.948456 	 -1.508290 	 -0.017001 	 1.849030 
79.823123 	 -27.854480 	 -1.815328 	 0.505434 	 -0.175357 	 -0.011763 	 -0.040657 	 0.143176 
288.174979 	 115.968320 	 -75.319462 	 2.093761 	 0.843134 	 -0.547354 	 -0.016869 	 2.697153 
6.698824 	 10.494684 	 -4.427213 	 -0.112804 	 -0.175837 	 0.074073 	 -0.171990 	 0.024565 
1.800108 	 0.504209 	 1.569336 	 0.371607 	 0.121631 	 0.296283 	 -0.639499 	 0.120335 
149.194159 	 127.306349 	 63.137010 	 1.094828 	 0.934401 	 0.462640 	 -0.023026 	 1.142895 
-17.130953 	 -58.048465 	 -23.863154 	 -0.090764 	 -0.308928 	 -0.127503 	 -0.044809 	 0.059966 
-5.422069 	 136.942795 	 49.526372 	 -0.037739 	 0.974087 	 0.351654 	 -0.028039 	 0.536965 
29.292273 	 38.321175 	 -166.542375 	 0.215134 	 0.281265 	 -1.218828 	 -0.024982 	 0.805467 
27.924400 	 78.252426 	 -106.127370 	 0.197012 	 0.550739 	 -0.746079 	 -0.030788 	 0.449381 
-8.986430 	 50.361612 	 -23.262277 	 -0.041872 	 0.238188 	 -0.109968 	 -0.055760 	 0.035290 
0.728922 	 0.494742 	 1.308512 	 0.130219 	 0.095461 	 0.195709 	 -0.891612 	 0.032186 
-184.399183 	 316.387598 	 -20.073175 	 -1.344303 	 2.308809 	 -0.146754 	 -0.012458 	 3.579644 
0.591201 	 -0.205278 	 0.352351 	 1.144383 	 -0.136244 	 0.500380 	 -1.504245 	 0.789277 
60.273674 	 -25.121522 	 -0.454147 	 0.542416 	 -0.224563 	 -0.004483 	 -0.048901 	 0.172332 
-123.462208 	 127.279257 	 38.244432 	 -0.875031 	 0.903764 	 0.270982 	 -0.021983 	 0.827950 
-15.691948 	 40.686963 	 83.525969 	 -0.099330 	 0.260173 	 0.532229 	 -0.035963 	 0.180412 
9.554409 	 24.635851 	 -33.776063 	 0.129273 	 0.331099 	 -0.452313 	 -0.068808 	 0.165463 
22.918158 	 18.997353 	 34.281168 	 0.157702 	 0.130921 	 0.234439 	 -0.064939 	 0.048486 
6.292694 	 -4.022136 	 -0.368500 	 0.364295 	 -0.221867 	 -0.023518 	 -0.263479 	 0.091244 
-17.879762 	 149.480475 	 -146.385384 	 -0.152602 	 1.284874 	 -1.257633 	 -0.022077 	 1.627914 
-4.076907 	 7.127017 	 -15.065048 	 -0.126710 	 0.231639 	 -0.482862 	 -0.142794 	 0.151434 
95.472314 	 153.292831 	 -200.641414 	 0.739275 	 1.186551 	 -1.552167 	 -0.019105 	 2.181827 
90.241325 	 248.694713 	 -45.128842 	 0.688945 	 1.897231 	 -0.344452 	 -0.019847 	 2.096389 
-9.235329 	 72.693607 	 44.124875 	 -0.058840 	 0.469602 	 0.284282 	 -0.040395 	 0.152402 
212.297050 	 245.038645 	 -6.650171 	 1.543779 	 1.781814 	 -0.048660 	 -0.016588 	 2.780241 
216.711599 	 -130.029523 	 -41.519336 	 1.566066 	 -0.938295 	 -0.300209 	 -0.017191 	 1.711543 
44.231502 	 121.112417 	 131.100653 	 0.315795 	 0.863378 	 0.933324 	 -0.023135 	 0.858121 
0.516988 	 -0.089663 	 0.009506 	 -0.119144 	 -0.006048 	 0.006718 	 -1.673461 	 0.007138 
14.945264 	 200.675568 	 71.178528 	 0.123243 	 1.643530 	 0.582230 	 -0.021348 	 1.527687 
3.173135 	 17.255046 	 -22.559122 	 0.070207 	 0.371378 	 -0.483101 	 -0.094931 	 0.188119 
52.563950 	 171.822150 	 95.255121 	 0.375967 	 1.227227 	 0.679551 	 -0.022206 	 1.054614 
-0.104811 	 -0.138783 	 0.056246 	 -0.316570 	 0.778329 	 -0.510629 	 -6.451210 	 0.483377 
-23.748867 	 122.071293 	 -45.347001 	 -0.356831 	 1.844655 	 -0.685249 	 -0.030237 	 1.999823 
3.739791 	 0.400965 	 7.744094 	 -0.045149 	 -0.006125 	 -0.090251 	 -0.229897 	 0.005111 
-0.090615 	 0.294013 	 0.473209 	 -0.036063 	 -0.707221 	 -0.728754 	 -1.982187 	 0.516273 
-107.074158 	 160.947800 	 -260.777177 	 -0.778177 	 1.171819 	 -1.897544 	 -0.014172 	 2.789696 
114.959719 	 -62.859249 	 -5.593883 	 0.988500 	 -0.538936 	 -0.048439 	 -0.029041 	 0.634965 
40.196933 	 -59.291849 	 -171.095805 	 0.286219 	 -0.420149 	 -1.215215 	 -0.021879 	 0.867597 
-0.359775 	 1.486275 	 -15.321115 	 -0.004792 	 0.031070 	 -0.296932 	 -0.159832 	 0.044579 
4.803151 	 -1.905642 	 -1.181247 	 -0.416846 	 0.151309 	 0.103997 	 -0.352150 	 0.103735 
66.887097 	 154.017451 	 -11.956152 	 0.466535 	 1.073320 	 -0.083568 	 -0.026779 	 0.688327 
337.083475 	 274.126450 	 115.847847 	 2.465442 	 2.005196 	 0.846706 	 -0.011373 	 5.408064 
145.954023 	 40.675529 	 67.639431 	 1.026505 	 0.286709 	 0.475033 	 -0.026240 	 0.680785 
392.386064 	 88.220225 	 -139.672049 	 2.867744 	 0.645460 	 -1.020827 	 -0.012386 	 4.841330 
-112.443968 	 150.680941 	 64.334806 	 -0.801583 	 1.076100 	 0.458761 	 -0.020739 	 1.005494 
45.889703 	 43.501107 	 109.241484 	 0.342706 	 0.324984 	 0.813502 	 -0.030094 	 0.442424 
-35.358893 	 14.774094 	 -32.588333 	 -0.144224 	 0.060950 	 -0.133529 	 -0.057727 	 0.021173 
1.747348 	 0.059939 	 -10.365912 	 0.116391 	 0.011364 	 -0.651767 	 -0.208106 	 0.219238 
-0.119250 	 -0.104134 	 0.090697 	 0.064196 	 -0.150484 	 -0.394472 	 -5.892121 	 0.091187 
44.874733 	 -0.556633 	 -33.305856 	 0.314500 	 -0.003041 	 -0.233155 	 -0.056372 	 0.076640 
74.901889 	 45.519988 	 65.955363 	 0.493730 	 0.300407 	 0.433813 	 -0.034419 	 0.261104 
-0.056469 	 -0.161997 	 0.009904 	 -0.784120 	 0.572675 	 0.496746 	 -4.651776 	 0.594778 
237.126255 	 186.014474 	 -26.492192 	 1.824821 	 1.431747 	 -0.204122 	 -0.018213 	 2.710768 
13.478547 	 234.598213 	 -112.550785 	 0.098277 	 1.697340 	 -0.814219 	 -0.019068 	 1.776787 
316.390987 	 47.050020 	 -243.827954 	 2.310722 	 0.344390 	 -1.780466 	 -0.012739 	 4.314052 
-81.016348 	 72.330467 	 -183.581469 	 -0.580252 	 0.519630 	 -1.316978 	 -0.020013 	 1.170569 
50.517505 	 400.382077 	 -137.077264 	 0.369926 	 2.926306 	 -1.001893 	 -0.012025 	 4.851951 
0.489358 	 0.003340 	 0.819488 	 0.533533 	 0.110868 	 0.687391 	 -1.291694 	 0.384728 
-0.928153 	 0.454079 	 -0.467520 	 0.874422 	 -0.616613 	 0.548939 	 -1.120229 	 0.723080 
-0.460265 	 0.179563 	 -0.382781 	 0.007739 	 -0.006688 	 0.009499 	 -1.649188 	 0.000097 
0.836697 	 -0.758959 	 0.503419 	 0.956612 	 -0.642826 	 0.462377 	 -1.041899 	 0.771062 
1.066553 	 0.031673 	 0.524698 	 -1.004018 	 -0.130580 	 -0.408759 	 -1.062628 	 0.596094 
0.140966 	 -0.083458 	 0.086787 	 -1.132945 	 -0.170874 	 -0.187465 	 -2.998125 	 0.673953 
177.498032 	 3.302025 	 -182.562115 	 1.346079 	 0.025947 	 -1.383953 	 -0.018902 	 1.863964 
-2.231343 	 0.401942 	 -7.618166 	 0.028899 	 -0.007138 	 0.104484 	 -0.258977 	 0.005902 
1.078279 	 0.283314 	 0.811679 	 0.677503 	 0.230502 	 0.436484 	 -0.965489 	 0.351330 
54.337577 	 50.734502 	 81.608474 	 0.372420 	 0.347843 	 0.557873 	 -0.033834 	 0.285457 
270.625383 	 -28.409149 	 -302.367396 	 1.977430 	 -0.206609 	 -2.208781 	 -0.012219 	 4.415815 
24.839822 	 -11.197803 	 10.905487 	 0.414180 	 -0.183858 	 0.180277 	 -0.090248 	 0.118924 
408.808185 	 79.994350 	 -153.691383 	 2.989463 	 0.585698 	 -1.123910 	 -0.011763 	 5.271551 
0.036362 	 -0.266236 	 0.114907 	 -1.272625 	 1.242436 	 -0.600768 	 -3.052143 	 1.762072 
-0.072286 	 0.261291 	 0.462765 	 -0.046666 	 -0.452086 	 -0.493333 	 -2.027482 	 0.224969 
-2.702961 	 1.971941 	 0.271326 	 -0.349860 	 0.282669 	 0.030564 	 -0.464898 	 0.101619 
1.553307 	 1.613668 	 2.733891 	 -0.220347 	 -0.229628 	 -0.355830 	 -0.482591 	 0.113948 
-0.076901 	 0.442501 	 0.567655 	 -0.047501 	 -0.767613 	 -0.711292 	 -1.603188 	 0.548711 
0.778577 	 2.781435 	 1.189894 	 -0.236899 	 -0.772387 	 -0.304625 	 -0.520084 	 0.372750 
16.843539 	 -2.863422 	 8.895174 	 0.048588 	 -0.007857 	 0.025361 	 -0.129928 	 0.001533 
-0.144041 	 -0.110831 	 -0.101712 	 0.497338 	 -0.165880 	 2.263056 	 -3.659014 	 2.698141 
-0.126490 	 -0.141234 	 0.029495 	 -0.413303 	 -0.553206 	 -0.435346 	 -6.344749 	 0.333191 
0.177386 	 0.290943 	 0.447760 	 0.203087 	 0.289697 	 0.282867 	 -1.759764 	 0.102591 
0.101580 	 2.890113 	 -2.022145 	 0.021331 	 0.301065 	 -0.206639 	 -0.460749 	 0.066897 
-65.139791 	 123.225030 	 -130.881631 	 -0.516981 	 0.980621 	 -1.040883 	 -0.022653 	 1.156162 
-0.334001 	 0.049838 	 0.133060 	 1.322439 	 -1.020245 	 -0.524343 	 -2.553648 	 1.532340 
-0.318953 	 0.449328 	 0.378953 	 -0.012451 	 0.034316 	 0.020075 	 -1.667013 	 0.000868 
-17.075731 	 51.029322 	 -15.789421 	 -0.079414 	 0.239454 	 -0.074126 	 -0.055820 	 0.034570 
241.326856 	 88.669744 	 -87.428511 	 1.744099 	 0.641409 	 -0.631889 	 -0.019903 	 1.926286 
-65.431276 	 -10.100894 	 -8.447358 	 -0.354708 	 -0.054191 	 -0.046116 	 -0.044115 	 0.065441 
123.466830 	 -16.903946 	 24.938984 	 0.843913 	 -0.114606 	 0.170000 	 -0.031314 	 0.377112 
119.132128 	 258.405799 	 198.067323 	 0.868453 	 1.882853 	 1.442196 	 -0.014015 	 3.189638 
47.411904 	 172.041010 	 -85.296215 	 0.345945 	 1.253242 	 -0.621233 	 -0.024088 	 1.038112 
140.535073 	 20.304032 	 -101.087471 	 0.991987 	 0.144063 	 -0.713290 	 -0.026148 	 0.756788 
5.774362 	 241.419027 	 -183.278166 	 0.042711 	 1.752641 	 -1.330209 	 -0.016587 	 2.421515 
-54.771457 	 -11.340649 	 -110.705232 	 -0.371329 	 -0.076216 	 -0.752379 	 -0.029122 	 0.354884 
56.131152 	 62.473492 	 -156.232351 	 0.395678 	 0.440366 	 -1.099434 	 -0.026028 	 0.779619 
10.773594 	 6.254599 	 2.072173 	 -0.125098 	 -0.073277 	 -0.023297 	 -0.178265 	 0.010781 
-8.573416 	 25.323774 	 -6.623477 	 0.019047 	 -0.057276 	 0.015010 	 -0.095126 	 0.001934 
1.073234 	 -0.556134 	 1.437274 	 0.161080 	 -0.059068 	 0.189254 	 -0.812260 	 0.032627 
127.391038 	 70.687572 	 109.870405 	 1.336940 	 0.742474 	 1.151583 	 -0.024275 	 1.832410 
-12.506358 	 64.890401 	 17.175364 	 -0.132605 	 0.695541 	 0.183272 	 -0.048532 	 0.267475 
-15.247442 	 40.259600 	 -72.452557 	 -0.095880 	 0.255804 	 -0.459252 	 -0.040999 	 0.142770 
-48.160688 	 -6.442309 	 47.711003 	 -0.264335 	 -0.034773 	 0.262229 	 -0.042864 	 0.069923 
1.449466 	 0.206974 	 -0.081368 	 -0.547431 	 -0.115202 	 0.044295 	 -0.882555 	 0.157457 
-15.752156 	 228.568332 	 22.406089 	 -0.127163 	 1.859355 	 0.181806 	 -0.020086 	 1.753212 
138.046140 	 -23.107323 	 -31.311719 	 0.951794 	 -0.158353 	 -0.216022 	 -0.029019 	 0.488826 
-6.743736 	 14.780990 	 -11.542942 	 -0.141201 	 0.317292 	 -0.246719 	 -0.124321 	 0.090741 
0.509443 	 -1.135557 	 -2.313838 	 0.111303 	 -0.181664 	 -0.422603 	 -0.562131 	 0.111992 
-1.739081 	 -0.272726 	 -7.682687 	 -0.010218 	 -0.000949 	 -0.048524 	 -0.257054 	 0.001230 
-1.435844 	 3.783589 	 -3.442473 	 0.100582 	 -0.296661 	 0.264927 	 -0.336762 	 0.084156 
75.418995 	 342.801112 	 13.157640 	 0.550007 	 2.497126 	 0.095485 	 -0.014477 	 3.273632 
0.951381 	 -0.323535 	 -2.821957 	 0.030906 	 -0.005871 	 -0.083339 	 -0.515973 	 0.003968 
25.263042 	 -2.425409 	 -1.319313 	 0.484479 	 -0.043987 	 -0.026048 	 -0.104175 	 0.118666 
-145.930268 	 127.455271 	 -44.436513 	 -1.040656 	 0.910472 	 -0.317449 	 -0.020519 	 1.006349 
0.311287 	 -2.952846 	 -12.578777 	 0.009688 	 -0.064833 	 -0.289071 	 -0.174686 	 0.043930 
-0.214435 	 0.532145 	 -0.265444 	 0.139676 	 -0.889719 	 0.422459 	 -1.586388 	 0.494790 
144.759827 	 113.537928 	 -118.593006 	 1.036183 	 0.812941 	 -0.848549 	 -0.022635 	 1.227291 
-8.063393 	 11.405604 	 -12.777901 	 -0.149894 	 0.217298 	 -0.241722 	 -0.129029 	 0.064058 
234.111050 	 92.895549 	 -87.256306 	 1.684343 	 0.668905 	 -0.627801 	 -0.020184 	 1.839290 
-1.090695 	 -0.556279 	 -1.382172 	 0.633056 	 0.281123 	 0.922940 	 -0.717554 	 0.665804 
221.001951 	 -45.755549 	 109.340602 	 1.595061 	 -0.329192 	 0.788432 	 -0.018044 	 1.637106 
27.831858 	 -44.158899 	 14.294946 	 0.126267 	 -0.198989 	 0.064390 	 -0.053374 	 0.029843 
8.058401 	 18.202428 	 7.652967 	 -0.041256 	 -0.092528 	 -0.038417 	 -0.117403 	 0.005870 
1.485469 	 1.510989 	 0.520897 	 0.552700 	 0.564913 	 0.164687 	 -0.685083 	 0.325863 
-198.988572 	 -35.699095 	 -104.438150 	 -1.431236 	 -0.256037 	 -0.751923 	 -0.016911 	 1.339690 
86.009960 	 119.796596 	 -151.409508 	 0.610676 	 0.850321 	 -1.073939 	 -0.023044 	 1.124658 
19.324731 	 208.105511 	 -46.791186 	 0.138448 	 1.483216 	 -0.333617 	 -0.022432 	 1.165200 
74.871393 	 157.739107 	 -20.153569 	 0.524098 	 1.103373 	 -0.141178 	 -0.026167 	 0.756022 
-1.174482 	 1.073577 	 -1.276127 	 0.476608 	 -0.536027 	 0.592506 	 -0.693159 	 0.432772 
-27.700049 	 71.073992 	 17.725961 	 -0.240166 	 0.619784 	 0.153920 	 -0.043465 	 0.232751 
-0.027601 	 -0.217685 	 0.100876 	 -1.465409 	 1.672458 	 -0.973069 	 -3.630905 	 2.945702 
0.338081 	 -0.340674 	 -0.523314 	 -0.344994 	 0.168009 	 0.435778 	 -1.441837 	 0.168575 
-26.766232 	 151.809283 	 22.984477 	 -0.191323 	 1.090548 	 0.164658 	 -0.026678 	 0.626506 
-213.234285 	 34.387575 	 -70.225253 	 -1.533097 	 0.248242 	 -0.505489 	 -0.017199 	 1.333766 
0.019599 	 -0.147061 	 -0.305318 	 -0.470100 	 0.091151 	 1.253109 	 -2.188063 	 0.899792 
25.956897 	 415.655453 	 -103.598822 	 0.190495 	 3.038263 	 -0.757370 	 -0.011818 	 4.920470 
-77.245251 	 76.485847 	 17.987070 	 -0.512307 	 0.508813 	 0.119168 	 -0.032463 	 0.267775 
-21.727490 	 37.241481 	 54.168700 	 -0.120075 	 0.207552 	 0.300657 	 -0.045344 	 0.073945 
253.022098 	 261.540694 	 28.756507 	 1.844882 	 1.907038 	 0.209255 	 -0.015196 	 3.542085 
-9.680749 	 32.797555 	 52.960454 	 -0.074904 	 0.257685 	 0.414213 	 -0.048827 	 0.121792 
170.091180 	 180.270936 	 -48.195817 	 1.218773 	 1.291738 	 -0.345438 	 -0.020711 	 1.636661 
-3.735160 	 75.606624 	 27.002203 	 -0.021578 	 0.450981 	 0.160537 	 -0.042782 	 0.114811 
-0.038287 	 -0.139830 	 0.027863 	 -0.716757 	 0.177907 	 0.166687 	 -4.668056 	 0.286588 
-1.490251 	 2.424450 	 -0.905429 	 0.028755 	 -0.053112 	 0.019826 	 -0.534514 	 0.002020 
255.360490 	 75.156998 	 1.508031 	 1.845961 	 0.543939 	 0.010572 	 -0.019343 	 1.851777 
10.536539 	 -0.901152 	 -6.295076 	 0.021947 	 -0.001607 	 -0.013067 	 -0.187263 	 0.000328 
-42.539318 	 105.266795 	 -62.978641 	 -0.302288 	 0.750872 	 -0.449031 	 -0.030088 	 0.428408 
3.181138 	 16.541469 	 -12.180940 	 0.011937 	 0.060404 	 -0.044319 	 -0.121965 	 0.002878 
205.637114 	 287.554793 	 -134.971384 	 1.499923 	 2.097179 	 -0.984278 	 -0.014153 	 3.808366 
0.738278 	 -1.113614 	 0.000403 	 -0.181060 	 0.211293 	 0.009490 	 -0.936361 	 0.038759 
-0.178616 	 -0.084937 	 -0.006486 	 -0.495720 	 0.271903 	 -0.381736 	 -4.282304 	 0.232696 
39.537340 	 63.408985 	 -149.812385 	 0.277079 	 0.443968 	 -1.047242 	 -0.026896 	 0.685298 
1.633724 	 8.243563 	 7.483605 	 -0.038308 	 -0.183582 	 -0.163249 	 -0.188177 	 0.030910 
50.744033 	 241.454757 	 4.871830 	 0.386633 	 1.836590 	 0.036696 	 -0.020225 	 1.761948 
218.417739 	 161.946323 	 15.373386 	 1.648074 	 1.222260 	 0.115602 	 -0.019546 	 2.111717 
-1.336490 	 1.412715 	 0.069676 	 -0.423359 	 0.530389 	 0.008544 	 -0.724026 	 0.230309 
1.896935 	 0.784983 	 4.370410 	 0.194958 	 0.087986 	 0.419806 	 -0.368584 	 0.110994 
136.065447 	 -78.524140 	 59.359273 	 0.959262 	 -0.552284 	 0.417823 	 -0.024001 	 0.699889 
0.685982 	 -0.211134 	 -0.749967 	 -0.930176 	 0.104413 	 0.926838 	 -1.106131 	 0.867579 
140.334161 	 331.658510 	 -33.154126 	 1.023368 	 2.417534 	 -0.241907 	 -0.014575 	 3.475136 
174.041366 	 31.695997 	 -171.176833 	 1.346451 	 0.245995 	 -1.323787 	 -0.020024 	 1.812928 
-0.042164 	 -0.197842 	 0.027459 	 -0.247032 	 0.270506 	 0.062080 	 -4.076130 	 0.069026 
-64.689400 	 34.489138 	 -104.858852 	 -0.442398 	 0.237106 	 -0.718659 	 -0.029394 	 0.384203 
38.087673 	 233.245875 	 -77.923257 	 0.284751 	 1.739595 	 -0.581200 	 -0.020392 	 1.722533 
-52.274410 	 176.567082 	 115.222529 	 -0.373851 	 1.266334 	 0.825481 	 -0.019948 	 1.212393 
-1.046201 	 -3.749528 	 -18.998624 	 -0.002012 	 -0.007813 	 -0.041013 	 -0.127455 	 0.000874 
-82.240351 	 141.440457 	 -134.135822 	 -0.589047 	 1.015319 	 -0.962379 	 -0.020862 	 1.152012 
-14.003474 	 90.500489 	 -181.895907 	 -0.103715 	 0.676582 	 -1.358366 	 -0.021807 	 1.156839 
267.781308 	 -63.468453 	 -232.920351 	 1.953004 	 -0.461814 	 -1.698372 	 -0.013689 	 3.455983 
-4.633532 	 -24.579897 	 12.058221 	 0.010136 	 0.054829 	 -0.026931 	 -0.084529 	 0.001917 
1.150135 	 -0.235568 	 0.951986 	 -0.656082 	 0.059261 	 -0.471561 	 -0.914417 	 0.328163 
-1.742950 	 2.185566 	 0.292340 	 0.344487 	 -0.487255 	 -0.052245 	 -0.549330 	 0.179409 
-113.943935 	 299.634164 	 138.389878 	 -0.829591 	 2.184574 	 1.008236 	 -0.013056 	 3.238562 
12.923542 	 -3.794571 	 38.308197 	 0.032530 	 -0.009166 	 0.095488 	 -0.067242 	 0.005130 
-7.754514 	 102.016294 	 -103.034833 	 -0.052669 	 0.703879 	 -0.710370 	 -0.028870 	 0.501422 
34.773780 	 96.356324 	 -96.875119 	 0.238351 	 0.659171 	 -0.662192 	 -0.029986 	 0.464908 
-0.086158 	 -0.142840 	 0.029430 	 0.678108 	 -0.562035 	 -0.410607 	 -5.951325 	 0.472156 
0.687229 	 -1.671954 	 -3.428927 	 -0.135825 	 0.263541 	 0.590511 	 -0.421295 	 0.218302 
8.911311 	 26.051781 	 -23.582674 	 0.094870 	 0.275189 	 -0.248423 	 -0.078618 	 0.073221 
67.397240 	 143.257861 	 222.477169 	 0.489192 	 1.038973 	 1.611814 	 -0.016574 	 1.958360 
-0.077766 	 0.095859 	 0.102254 	 0.142154 	 0.908026 	 0.239255 	 -3.118655 	 0.450981 
244.682373 	 -98.583815 	 -11.528870 	 1.769168 	 -0.711603 	 -0.083646 	 -0.017178 	 1.821665 
36.518941 	 7.637210 	 38.065324 	 0.229072 	 0.048520 	 0.237762 	 -0.057002 	 0.055680 
5.392691 	 -3.121808 	 -2.702633 	 0.336185 	 -0.183238 	 -0.167808 	 -0.285192 	 0.087378 
348.009374 	 114.289520 	 97.138564 	 2.539299 	 0.834548 	 0.708230 	 -0.013403 	 3.823050 
0.391087 	 -0.436877 	 0.358384 	 -0.143209 	 0.089787 	 -0.089254 	 -1.560891 	 0.018268 
2.059354 	 -1.171779 	 -0.962654 	 0.886585 	 -0.428844 	 -0.411455 	 -0.598592 	 0.569618 
0.977746 	 10.633914 	 11.010278 	 0.027327 	 0.269756 	 0.275019 	 -0.151448 	 0.074575 
-12.823883 	 15.662363 	 -0.250915 	 -0.368766 	 0.457878 	 -0.008583 	 -0.117521 	 0.172857 
137.019833 	 14.088650 	 -173.120193 	 0.983381 	 0.101903 	 -1.241779 	 -0.021216 	 1.259719 
0.337364 	 -0.004632 	 -0.521554 	 -0.022136 	 -0.005764 	 0.027919 	 -1.491112 	 0.000651 
-104.025509 	 93.410072 	 -30.851261 	 -0.722430 	 0.650251 	 -0.214797 	 -0.026752 	 0.495435 
241.965917 	 104.753936 	 -44.844306 	 1.808430 	 0.783468 	 -0.335343 	 -0.019938 	 1.998348 
0.139885 	 0.114718 	 -0.042853 	 -0.315490 	 -0.296195 	 0.110073 	 -2.401287 	 0.099690 
59.246346 	 75.974436 	 204.681688 	 0.426347 	 0.546569 	 1.469828 	 -0.018959 	 1.320452 
0.115671 	 -0.096514 	 0.065498 	 1.094528 	 0.120615 	 0.098816 	 -3.159115 	 0.611152 
-31.056979 	 -8.331010 	 -64.090642 	 -0.175560 	 -0.046574 	 -0.363859 	 -0.043894 	 0.082692 
155.768604 	 231.480812 	 132.294746 	 1.131653 	 1.681376 	 0.960101 	 -0.015991 	 2.514728 
236.912198 	 118.070430 	 13.143270 	 1.707794 	 0.851591 	 0.094375 	 -0.019824 	 1.825337 
-2.314453 	 281.306336 	 -224.715839 	 -0.016051 	 2.050767 	 -1.637833 	 -0.013910 	 3.444201 
-0.375430 	 0.494570 	 0.026183 	 0.453658 	 -1.060311 	 0.032314 	 -1.725288 	 0.665555 
303.270304 	 208.531698 	 -56.740088 	 2.210997 	 1.520630 	 -0.413840 	 -0.014489 	 3.686043 
-0.108537 	 -0.119814 	 0.047106 	 1.214182 	 0.656113 	 0.796385 	 -9.085087 	 1.269475 
0.996407 	 -0.207923 	 0.652612 	 0.048310 	 -0.003764 	 0.026489 	 -1.067936 	 0.001525 
