-0.102537 	 -0.046493 	 -0.044090 	 0.001975 	 0.000287 	 -0.021075 	 -8.613740 	 0.000224 
0.585814 	 1.288418 	 -0.425635 	 0.180845 	 0.349521 	 -0.106954 	 -1.110893 	 0.083155 
202.349076 	 131.924070 	 -5.608762 	 1.512653 	 0.986032 	 -0.041779 	 -0.020703 	 1.631063 
223.796496 	 -68.276802 	 148.809763 	 1.620280 	 -0.493751 	 1.076996 	 -0.016861 	 2.014509 
151.718685 	 -67.564570 	 22.944854 	 1.097676 	 -0.488149 	 0.166013 	 -0.026714 	 0.735372 
75.964736 	 25.520762 	 48.807886 	 0.489171 	 0.164414 	 0.313972 	 -0.042728 	 0.182449 
-0.293623 	 67.072812 	 -29.341246 	 -0.001218 	 0.433417 	 -0.189358 	 -0.048352 	 0.111854 
-0.221018 	 -0.069438 	 0.171553 	 -0.890426 	 -0.173382 	 1.448322 	 -3.518011 	 1.460278 
0.037733 	 -0.389394 	 -0.312035 	 0.515641 	 -1.236812 	 -1.065171 	 -2.293856 	 1.465089 
128.010386 	 60.934376 	 230.380882 	 0.926363 	 0.440936 	 1.665935 	 -0.017467 	 1.913956 
6.933031 	 -0.653497 	 -8.211730 	 0.010853 	 -0.000935 	 -0.012637 	 -0.223302 	 0.000139 
-0.114777 	 -0.008276 	 0.035797 	 0.054605 	 -0.217105 	 -0.297277 	 -5.936783 	 0.069245 
-159.064487 	 -20.592887 	 39.348964 	 -1.116260 	 -0.144280 	 0.276440 	 -0.022904 	 0.671636 
1.570209 	 4.103057 	 -2.837004 	 0.197693 	 0.489714 	 -0.332772 	 -0.416753 	 0.194820 
3.300632 	 3.383535 	 5.505848 	 -0.072593 	 -0.073120 	 -0.117721 	 -0.324619 	 0.012237 
-0.364633 	 1.676753 	 1.388007 	 -0.070888 	 0.470731 	 0.383727 	 -0.820252 	 0.186930 
388.647885 	 21.248899 	 155.350778 	 2.840725 	 0.155614 	 1.135316 	 -0.011649 	 4.691439 
4.598203 	 -5.481229 	 -8.318582 	 0.270812 	 -0.312908 	 -0.477999 	 -0.213333 	 0.199867 
7.651426 	 1.164625 	 1.127204 	 0.448748 	 0.070090 	 0.066200 	 -0.301612 	 0.105335 
98.748235 	 178.527780 	 180.056367 	 0.714891 	 1.291423 	 1.302262 	 -0.017362 	 1.937365 
-36.092635 	 39.545169 	 -34.124919 	 -0.182707 	 0.201007 	 -0.173164 	 -0.050456 	 0.051886 
0.202723 	 -0.106988 	 -0.123474 	 -1.749620 	 0.341777 	 0.605017 	 -2.943085 	 1.772013 
18.000230 	 -173.713714 	 280.753578 	 0.131775 	 -1.263992 	 2.043521 	 -0.013145 	 2.895509 
-0.520491 	 0.958317 	 0.058807 	 -0.227228 	 0.549819 	 0.041486 	 -1.349795 	 0.177828 
334.740793 	 24.196873 	 -60.369764 	 2.437308 	 0.176468 	 -0.439301 	 -0.014336 	 3.082298 
70.291163 	 -71.830314 	 15.965753 	 0.475437 	 -0.484806 	 0.107943 	 -0.037569 	 0.236364 
-0.021684 	 -0.198090 	 0.020396 	 0.810039 	 -1.469043 	 0.363644 	 -4.020197 	 1.473244 
113.106584 	 94.944418 	 144.996756 	 1.123820 	 0.942951 	 1.439511 	 -0.022444 	 2.112160 
-0.085588 	 -0.052039 	 0.009992 	 0.649180 	 -0.172510 	 0.900597 	 -8.622621 	 0.631134 
12.974548 	 39.273005 	 49.511147 	 0.102477 	 0.308066 	 0.388047 	 -0.054585 	 0.127993 
83.086440 	 0.792624 	 -63.523755 	 0.563874 	 0.005690 	 -0.430450 	 -0.037740 	 0.251636 
-0.109677 	 -0.041834 	 -0.037287 	 0.317475 	 -0.346650 	 1.396145 	 -9.514058 	 1.085088 
-3.994096 	 15.891698 	 1.854692 	 -0.115388 	 0.472900 	 0.055535 	 -0.157377 	 0.120016 
-153.693403 	 197.109273 	 -13.450086 	 -1.107937 	 1.422221 	 -0.096902 	 -0.016859 	 1.629812 
-0.245974 	 1.596893 	 1.116358 	 -0.051802 	 0.604315 	 0.416685 	 -0.901309 	 0.270753 
-85.854101 	 -240.671614 	 26.402011 	 -0.619424 	 -1.738198 	 0.190843 	 -0.015970 	 1.720720 
-0.104648 	 -0.046949 	 -0.016782 	 -0.866657 	 0.178352 	 -0.524671 	 -35.510608 	 0.529092 
10.687891 	 -11.305350 	 -16.630744 	 0.202380 	 -0.211109 	 -0.311525 	 -0.120256 	 0.091286 
-121.528992 	 -14.912591 	 -223.200932 	 -0.876980 	 -0.107367 	 -1.611939 	 -0.016522 	 1.689484 
-0.158612 	 0.107797 	 0.149497 	 -0.219892 	 0.635196 	 0.683974 	 -3.451240 	 0.459824 
115.184121 	 -72.375674 	 88.785703 	 0.809444 	 -0.507820 	 0.623483 	 -0.026164 	 0.650906 
-0.084263 	 -0.054080 	 0.009142 	 0.619557 	 -0.214919 	 0.779476 	 -8.594400 	 0.518812 
0.300929 	 0.608253 	 -0.131165 	 0.007251 	 0.011701 	 -0.002038 	 -1.807100 	 0.000097 
-144.335624 	 -29.040465 	 -32.571475 	 -1.002664 	 -0.201558 	 -0.226312 	 -0.024998 	 0.548589 
80.608351 	 175.019966 	 9.932591 	 0.593187 	 1.286617 	 0.073123 	 -0.023410 	 1.006301 
-0.359664 	 0.683089 	 1.454901 	 0.117175 	 -0.335957 	 -0.677455 	 -0.998564 	 0.292771 
52.475928 	 -23.217466 	 81.829357 	 0.338786 	 -0.149291 	 0.527347 	 -0.038320 	 0.207579 
31.385314 	 6.449500 	 -14.463776 	 0.104292 	 0.021515 	 -0.047846 	 -0.091889 	 0.006814 
-0.154987 	 0.301956 	 -0.225920 	 -0.047433 	 0.331474 	 -0.198496 	 -2.652892 	 0.075763 
1.626384 	 -2.073546 	 -2.247017 	 -0.279007 	 0.326580 	 0.359338 	 -0.534895 	 0.156811 
38.147506 	 -22.085736 	 19.759504 	 0.303121 	 -0.174640 	 0.156713 	 -0.069439 	 0.073470 
0.861265 	 -0.612273 	 1.167267 	 0.391130 	 -0.228853 	 0.479354 	 -1.024321 	 0.217568 
-0.082198 	 -0.136812 	 0.289298 	 -0.055813 	 0.219473 	 -0.747443 	 -2.861465 	 0.304977 
2.602531 	 0.605112 	 -1.851086 	 -0.759703 	 -0.182932 	 0.514599 	 -0.591418 	 0.437713 
121.318231 	 -5.281436 	 -147.322566 	 0.861901 	 -0.037157 	 -1.045621 	 -0.022832 	 0.918788 
30.065339 	 11.716163 	 -37.026811 	 0.339394 	 0.132325 	 -0.416332 	 -0.068086 	 0.153015 
-0.249159 	 0.180989 	 -0.039909 	 0.245995 	 -0.389003 	 0.039046 	 -3.281523 	 0.106681 
108.358314 	 64.654083 	 217.730693 	 0.782054 	 0.466514 	 1.570028 	 -0.018503 	 1.647116 
18.991051 	 -13.853401 	 -4.220067 	 0.176723 	 -0.127771 	 -0.038897 	 -0.120465 	 0.024535 
43.250337 	 -33.310214 	 -45.677747 	 0.241401 	 -0.185209 	 -0.254237 	 -0.049643 	 0.078607 
-135.230295 	 -119.173852 	 165.139466 	 -0.974090 	 -0.858762 	 1.190579 	 -0.016514 	 1.551900 
-0.194596 	 -0.248118 	 0.161500 	 -0.092293 	 -0.207480 	 0.184059 	 -2.957452 	 0.042722 
-3.576507 	 6.546858 	 4.025876 	 -0.042273 	 0.080295 	 0.049232 	 -0.267588 	 0.005329 
0.645207 	 4.421631 	 -1.552082 	 0.001582 	 0.009420 	 -0.003236 	 -0.448853 	 0.000051 
178.154731 	 149.146353 	 40.134812 	 1.281616 	 1.072639 	 0.288676 	 -0.021263 	 1.438214 
-0.118288 	 0.023402 	 0.019069 	 0.099046 	 -0.526587 	 -0.270602 	 -5.609452 	 0.180165 
47.275094 	 35.065603 	 -1.820567 	 0.566395 	 0.419744 	 -0.021560 	 -0.060379 	 0.248727 
0.259513 	 0.717507 	 -0.428199 	 -0.320738 	 -0.672443 	 0.361712 	 -1.593028 	 0.342944 
18.407245 	 23.604096 	 -17.048839 	 0.274951 	 0.351272 	 -0.252962 	 -0.090670 	 0.131490 
114.798638 	 106.086976 	 -38.852324 	 0.803458 	 0.742135 	 -0.271554 	 -0.028239 	 0.635025 
0.120757 	 0.410642 	 -0.219314 	 -0.332175 	 -0.672948 	 0.297529 	 -2.220965 	 0.325861 
-69.304831 	 -4.687625 	 -142.397365 	 -0.483577 	 -0.032430 	 -0.994973 	 -0.024625 	 0.612435 
1.695622 	 5.938696 	 1.314123 	 0.209772 	 0.697287 	 0.155074 	 -0.354588 	 0.277131 
127.544893 	 49.989492 	 -13.437697 	 0.871772 	 0.341718 	 -0.091655 	 -0.032107 	 0.442579 
3.756519 	 -1.370562 	 1.707266 	 0.043361 	 -0.014863 	 0.019362 	 -0.476671 	 0.001238 
0.729031 	 3.222767 	 -6.787746 	 0.100472 	 0.393842 	 -0.815564 	 -0.299603 	 0.415176 
51.959386 	 26.392608 	 -89.496733 	 0.445047 	 0.226005 	 -0.764873 	 -0.036315 	 0.417088 
50.538406 	 74.842551 	 27.375874 	 0.458499 	 0.678009 	 0.248001 	 -0.041133 	 0.365711 
-0.132015 	 -0.023093 	 -0.111378 	 0.361402 	 -0.318821 	 1.265418 	 -6.410469 	 0.916771 
182.733762 	 118.114305 	 -23.721794 	 1.344420 	 0.868843 	 -0.174302 	 -0.022193 	 1.296367 
154.224035 	 -81.347999 	 37.828034 	 1.162323 	 -0.612316 	 0.285029 	 -0.025022 	 0.903584 
245.134829 	 23.725670 	 98.413460 	 2.071668 	 0.200819 	 0.831493 	 -0.018353 	 2.511759 
46.737543 	 46.142788 	 -110.706668 	 0.383104 	 0.377764 	 -0.905280 	 -0.031056 	 0.554504 
-0.514366 	 0.331928 	 0.604577 	 0.542369 	 -0.501947 	 -0.823725 	 -1.558931 	 0.612319 
-165.139855 	 81.651404 	 -222.356053 	 -1.197326 	 0.592720 	 -1.613068 	 -0.014700 	 2.193447 
-3.673649 	 -5.599018 	 -10.941163 	 0.106574 	 0.165813 	 0.326244 	 -0.177189 	 0.072644 
-131.461263 	 -3.360636 	 -7.195851 	 -0.895979 	 -0.022603 	 -0.048967 	 -0.027762 	 0.402844 
162.087288 	 238.814771 	 -27.453457 	 1.175423 	 1.731052 	 -0.198834 	 -0.016574 	 2.208848 
2.709494 	 21.776036 	 12.533997 	 0.031544 	 0.244578 	 0.140664 	 -0.117663 	 0.040300 
0.010353 	 0.088012 	 -0.022631 	 -0.536194 	 -0.626539 	 0.025979 	 -3.937795 	 0.340365 
204.316316 	 149.400151 	 2.541051 	 1.554937 	 1.136773 	 0.019458 	 -0.020007 	 1.855231 
168.189170 	 11.476170 	 140.043750 	 1.446455 	 0.099038 	 1.203794 	 -0.021035 	 1.775580 
0.083540 	 -0.020674 	 0.287875 	 0.714227 	 0.099168 	 1.154633 	 -2.722857 	 0.926565 
305.829774 	 75.626694 	 -242.308265 	 2.236627 	 0.553234 	 -1.771342 	 -0.012024 	 4.223110 
0.544054 	 -0.281409 	 -0.239076 	 -0.151758 	 0.054834 	 0.051910 	 -1.808609 	 0.014366 
33.393516 	 -2.999886 	 -10.780270 	 0.087669 	 -0.007728 	 -0.028169 	 -0.091410 	 0.004270 
186.329018 	 -241.104883 	 65.631437 	 1.354468 	 -1.751318 	 0.476945 	 -0.014353 	 2.564588 
1.164134 	 9.187133 	 3.922875 	 0.009943 	 0.072343 	 0.030867 	 -0.245013 	 0.003143 
320.454464 	 -193.607430 	 204.618970 	 2.345825 	 -1.416458 	 1.497507 	 -0.011112 	 4.875887 
1.048833 	 1.644158 	 0.548717 	 -0.573468 	 -0.840404 	 -0.281169 	 -0.870780 	 0.557101 
-40.144710 	 47.884419 	 139.748552 	 -0.278796 	 0.333745 	 0.973186 	 -0.026112 	 0.568102 
0.163436 	 -0.185296 	 -0.005325 	 -1.207581 	 0.622590 	 -0.052680 	 -3.040799 	 0.924322 
152.411373 	 -17.842601 	 33.713292 	 1.089978 	 -0.127179 	 0.241058 	 -0.028303 	 0.631167 
-0.106364 	 0.042626 	 -0.059766 	 -0.002904 	 0.201237 	 -0.096084 	 -5.308404 	 0.024868 
121.951950 	 24.007649 	 -62.590328 	 0.859837 	 0.169453 	 -0.440801 	 -0.031031 	 0.481170 
-0.103803 	 -0.046162 	 -0.018372 	 -1.140003 	 -0.628918 	 1.198215 	 -16.894850 	 1.565432 
-0.686987 	 6.718490 	 -12.636020 	 0.000344 	 -0.004003 	 0.007467 	 -0.171233 	 0.000036 
25.023258 	 16.608564 	 35.321482 	 0.555090 	 0.367922 	 0.780635 	 -0.073579 	 0.526442 
49.615948 	 21.799673 	 -29.708345 	 0.247347 	 0.108680 	 -0.147705 	 -0.057610 	 0.047404 
141.468014 	 -42.860242 	 -42.823814 	 1.035921 	 -0.313275 	 -0.313226 	 -0.028208 	 0.634692 
157.729384 	 -25.389454 	 97.693913 	 1.171004 	 -0.188021 	 0.724936 	 -0.023935 	 0.966067 
0.574123 	 -0.553261 	 -0.968480 	 -0.029125 	 0.021715 	 0.040800 	 -1.188549 	 0.001492 
-33.334614 	 -120.154899 	 18.963536 	 -0.224905 	 -0.812917 	 0.128465 	 -0.028725 	 0.363959 
10.234314 	 4.374723 	 -1.804253 	 -0.385584 	 -0.164893 	 0.066650 	 -0.224414 	 0.090153 
35.692638 	 -8.711233 	 -23.050123 	 0.095066 	 -0.023010 	 -0.061168 	 -0.076065 	 0.006654 
12.164018 	 -7.582643 	 19.727215 	 0.113844 	 -0.069924 	 0.183205 	 -0.118329 	 0.025707 
7.088551 	 22.080298 	 19.467362 	 0.136837 	 0.420901 	 0.370631 	 -0.101594 	 0.166625 
2.986353 	 30.998022 	 13.466922 	 0.033872 	 0.340150 	 0.147740 	 -0.091753 	 0.069338 
0.091014 	 -0.424091 	 -0.065610 	 0.325828 	 -0.626827 	 -0.080709 	 -2.433077 	 0.252795 
145.875043 	 -19.775420 	 1.024843 	 1.038396 	 -0.140335 	 0.007411 	 -0.029984 	 0.549007 
9.615270 	 67.039688 	 36.985354 	 0.081687 	 0.563776 	 0.310957 	 -0.046868 	 0.210605 
0.799315 	 31.463778 	 71.841447 	 0.016272 	 0.566960 	 1.292926 	 -0.046049 	 0.996683 
5.020009 	 -1.889653 	 7.164275 	 -0.127348 	 0.045790 	 -0.178441 	 -0.265697 	 0.025078 
152.522870 	 19.328715 	 233.950793 	 1.104905 	 0.140264 	 1.693741 	 -0.016675 	 2.054625 
2.236848 	 -2.479897 	 -4.614248 	 -0.096975 	 0.100747 	 0.190362 	 -0.358316 	 0.027896 
3.405692 	 0.109384 	 -2.572015 	 0.131756 	 0.005864 	 -0.095886 	 -0.472370 	 0.013294 
13.631142 	 18.401664 	 -42.241534 	 0.048272 	 0.064832 	 -0.148386 	 -0.067113 	 0.014276 
1.114308 	 0.535882 	 -0.040493 	 1.163292 	 0.555939 	 -0.022376 	 -1.191402 	 0.831409 
-220.821580 	 171.186102 	 -148.964391 	 -1.605226 	 1.245342 	 -1.083264 	 -0.013592 	 2.650544 
-67.854326 	 165.923006 	 108.552928 	 -0.484075 	 1.185871 	 0.775743 	 -0.020109 	 1.121198 
-0.199185 	 0.663056 	 -0.079760 	 -0.153650 	 1.159025 	 -0.102400 	 -1.833203 	 0.688716 
-0.185227 	 0.003462 	 -0.173669 	 0.343138 	 -0.215431 	 0.670523 	 -4.306144 	 0.306877 
34.994050 	 1.292440 	 -21.120318 	 0.224017 	 0.008548 	 -0.134690 	 -0.081389 	 0.034199 
1.370843 	 0.054986 	 0.884437 	 0.150024 	 0.010353 	 0.091633 	 -0.983947 	 0.015506 
-0.062272 	 -0.055283 	 -0.077587 	 0.843573 	 -0.165971 	 -1.193389 	 -5.862276 	 1.081670 
261.536600 	 -191.895210 	 181.705691 	 1.911264 	 -1.401431 	 1.327465 	 -0.012597 	 3.689552 
143.948963 	 86.034979 	 102.801466 	 1.024412 	 0.612154 	 0.731173 	 -0.023674 	 0.979383 
-0.412231 	 0.199288 	 -0.780751 	 -0.227377 	 0.182215 	 -0.565345 	 -1.591010 	 0.202259 
-0.206138 	 -0.013620 	 0.103521 	 0.870652 	 -0.286365 	 -1.038593 	 -4.316614 	 0.959358 
131.164113 	 -9.933553 	 -19.419044 	 0.895509 	 -0.067446 	 -0.132359 	 -0.032420 	 0.412002 
0.102130 	 0.770768 	 1.254096 	 0.098640 	 0.389239 	 0.605134 	 -1.118790 	 0.263712 
4.525469 	 -3.368344 	 11.532163 	 0.141696 	 -0.101638 	 0.353409 	 -0.194144 	 0.077653 
-0.061759 	 -0.038914 	 -0.023848 	 -1.814572 	 -0.332965 	 0.285281 	 -6.703571 	 1.742461 
-85.081558 	 -23.507688 	 -0.339284 	 -0.523270 	 -0.144468 	 -0.001984 	 -0.037380 	 0.147343 
13.546923 	 -0.771981 	 4.479899 	 0.446992 	 -0.023742 	 0.147238 	 -0.185407 	 0.111022 
-0.813514 	 0.782210 	 1.630196 	 -0.115185 	 0.134798 	 0.267823 	 -0.842010 	 0.051584 
-54.652783 	 54.681458 	 -120.821548 	 -0.376740 	 0.377987 	 -0.834349 	 -0.026738 	 0.490473 
54.170351 	 -225.473102 	 140.729988 	 0.392707 	 -1.631060 	 1.018368 	 -0.015668 	 1.925824 
257.135703 	 188.897591 	 209.321909 	 1.877519 	 1.379046 	 1.527899 	 -0.012654 	 3.880661 
0.632249 	 -0.394378 	 -0.172188 	 -0.188631 	 0.088906 	 0.039692 	 -1.644425 	 0.022531 
-19.760796 	 149.923945 	 -75.405525 	 -0.138136 	 1.053961 	 -0.529813 	 -0.024286 	 0.705308 
-0.109985 	 -0.147884 	 -0.015596 	 -0.125592 	 -2.582323 	 0.036872 	 -4.855268 	 3.342762 
231.672284 	 90.635134 	 38.175737 	 1.792399 	 0.701269 	 0.295355 	 -0.020136 	 1.895854 
14.253342 	 4.686620 	 -13.688366 	 -0.137878 	 -0.045454 	 0.131280 	 -0.139369 	 0.019155 
-0.100469 	 -0.067924 	 -0.353987 	 -0.008722 	 0.039908 	 0.638443 	 -2.903746 	 0.204639 
-3.271400 	 12.793430 	 4.830949 	 -0.083184 	 0.337333 	 0.127364 	 -0.181492 	 0.068467 
79.263888 	 -36.950288 	 44.945798 	 0.525093 	 -0.244148 	 0.297468 	 -0.039830 	 0.211909 
26.030173 	 28.754346 	 -48.882138 	 0.187128 	 0.206217 	 -0.349874 	 -0.055432 	 0.099977 
-21.079803 	 41.425781 	 25.201839 	 -0.244496 	 0.483434 	 0.293969 	 -0.060401 	 0.189952 
272.415145 	 25.502859 	 -179.678701 	 1.984970 	 0.186098 	 -1.308611 	 -0.014747 	 2.843601 
-34.319956 	 390.236717 	 62.012487 	 -0.249874 	 2.850275 	 0.453007 	 -0.011469 	 4.195859 
8.683368 	 1.387211 	 3.247939 	 0.231203 	 0.037727 	 0.085894 	 -0.261859 	 0.031128 
176.642646 	 -180.904274 	 -143.197999 	 1.281459 	 -1.311255 	 -1.038093 	 -0.015180 	 2.219581 
-0.142168 	 -0.426737 	 -0.347686 	 -0.061981 	 -0.634712 	 -0.552460 	 -2.124946 	 0.355957 
-0.057103 	 0.069560 	 -0.158484 	 0.077705 	 0.188587 	 -0.229123 	 -4.324387 	 0.047050 
3.614262 	 -5.677765 	 -0.512092 	 0.004353 	 -0.006590 	 -0.000579 	 -0.319487 	 0.000031 
-188.921266 	 96.098791 	 -123.439921 	 -1.361585 	 0.693322 	 -0.890023 	 -0.016935 	 1.563375 
144.432394 	 -247.847914 	 82.736512 	 1.048912 	 -1.798298 	 0.600545 	 -0.014737 	 2.347374 
0.144916 	 0.389256 	 0.088889 	 0.506304 	 0.883275 	 0.214537 	 -2.264914 	 0.541272 
-0.546143 	 0.252026 	 0.176100 	 0.606469 	 -0.410969 	 -0.265564 	 -1.975514 	 0.303612 
3.242801 	 2.015899 	 0.919032 	 0.218939 	 0.134898 	 0.061216 	 -0.517637 	 0.034940 
6.409569 	 28.863338 	 -21.219897 	 0.006775 	 0.030065 	 -0.022050 	 -0.084117 	 0.000718 
2.103161 	 -1.701694 	 1.234317 	 -0.665714 	 0.498881 	 -0.377245 	 -0.623373 	 0.417186 
-73.936175 	 258.860814 	 56.189390 	 -0.534351 	 1.873837 	 0.406792 	 -0.015999 	 1.981138 
-0.106572 	 -0.051488 	 -0.015668 	 -0.173113 	 -0.534144 	 0.158227 	 -11.548420 	 0.170157 
0.019098 	 2.030510 	 1.853875 	 0.012512 	 0.209325 	 0.188522 	 -0.683849 	 0.039757 
67.315813 	 284.713137 	 -250.668810 	 0.492497 	 2.080119 	 -1.830964 	 -0.011760 	 3.960939 
173.371110 	 30.965508 	 71.654987 	 1.230480 	 0.219973 	 0.508375 	 -0.024407 	 0.910457 
11.144422 	 -4.583972 	 19.382841 	 -0.073529 	 0.029656 	 -0.126802 	 -0.126125 	 0.011182 
169.691905 	 37.781535 	 -52.858662 	 1.200416 	 0.267436 	 -0.373575 	 -0.025864 	 0.826039 
277.972359 	 -50.785857 	 -93.208724 	 2.020240 	 -0.368620 	 -0.677040 	 -0.015946 	 2.337817 
-0.095629 	 0.002775 	 0.096221 	 -0.098143 	 -0.515861 	 -1.177085 	 -5.126488 	 0.830636 
-1.071033 	 45.125512 	 113.452737 	 -0.009101 	 0.425590 	 1.069052 	 -0.032196 	 0.662041 
80.386225 	 200.771403 	 -89.475976 	 0.578533 	 1.443386 	 -0.642988 	 -0.019694 	 1.415750 
244.695044 	 37.230180 	 -42.824706 	 1.764995 	 0.268765 	 -0.308641 	 -0.019615 	 1.641350 
19.524186 	 -5.326915 	 -12.641579 	 -0.116881 	 0.031440 	 0.075172 	 -0.121865 	 0.010150 
-36.146361 	 91.039859 	 -170.510922 	 -0.256620 	 0.648552 	 -1.213944 	 -0.020898 	 0.980066 
1.809249 	 -0.394760 	 1.179704 	 0.145308 	 -0.026408 	 0.090840 	 -0.795149 	 0.015032 
-1.230854 	 2.101069 	 -1.330998 	 0.024590 	 -0.046916 	 0.028700 	 -0.657940 	 0.001815 
-0.198124 	 0.043826 	 -0.154214 	 0.480505 	 -0.468297 	 0.708357 	 -4.264639 	 0.475978 
-0.035418 	 0.247734 	 0.177915 	 0.161646 	 0.683669 	 0.452430 	 -2.738744 	 0.349113 
0.309051 	 1.369564 	 -0.938865 	 -0.148474 	 -0.507825 	 0.330499 	 -1.023896 	 0.194580 
-7.064306 	 105.500918 	 80.854052 	 -0.052730 	 0.799728 	 0.612754 	 -0.029968 	 0.508906 
-4.273570 	 169.108964 	 195.898734 	 -0.030179 	 1.224653 	 1.418389 	 -0.017281 	 1.756257 
156.338966 	 269.386582 	 -82.490429 	 1.137194 	 1.958516 	 -0.599500 	 -0.014702 	 2.744199 
21.354941 	 -32.501478 	 -10.674005 	 0.134399 	 -0.203256 	 -0.066742 	 -0.076360 	 0.031915 
79.707598 	 18.620444 	 62.768484 	 0.517450 	 0.121026 	 0.407058 	 -0.039435 	 0.224049 
88.624702 	 -37.312218 	 -58.273791 	 0.586370 	 -0.246268 	 -0.384989 	 -0.035181 	 0.276347 
12.216148 	 -1.692007 	 -6.090834 	 -0.073586 	 0.009825 	 0.036275 	 -0.189703 	 0.003414 
168.973151 	 30.694710 	 -28.131758 	 1.221125 	 0.222023 	 -0.203051 	 -0.027082 	 0.790835 
103.342555 	 89.015481 	 -125.036454 	 0.732538 	 0.630672 	 -0.885293 	 -0.023758 	 0.859051 
-0.196298 	 -0.119941 	 0.108366 	 -0.761780 	 -0.610249 	 1.047196 	 -3.944303 	 1.024666 
1.821708 	 19.313366 	 3.361968 	 0.012763 	 0.128242 	 0.022383 	 -0.141065 	 0.008555 
279.310532 	 -19.168611 	 -272.063212 	 2.039868 	 -0.139598 	 -1.986067 	 -0.012085 	 4.062506 
-0.089118 	 -0.034766 	 -0.008856 	 0.270943 	 0.205424 	 0.138970 	 -8.064949 	 0.067461 
46.273524 	 -23.893467 	 -27.883415 	 0.501150 	 -0.257677 	 -0.301114 	 -0.059590 	 0.204109 
-1.638962 	 2.643064 	 -1.251188 	 -0.023788 	 0.041717 	 -0.019140 	 -0.561909 	 0.001336 
14.198255 	 11.593432 	 -3.148695 	 0.159246 	 0.129597 	 -0.034866 	 -0.150655 	 0.021685 
89.180035 	 -12.845317 	 84.613466 	 0.595878 	 -0.085415 	 0.564814 	 -0.033244 	 0.340690 
-3.145555 	 -6.540919 	 75.262022 	 -0.020967 	 -0.044783 	 0.519125 	 -0.045535 	 0.135968 
-0.062089 	 -0.032234 	 -0.157570 	 0.356550 	 0.121334 	 -1.165713 	 -4.601977 	 0.750368 
197.464933 	 83.025069 	 99.451730 	 1.556250 	 0.654354 	 0.783511 	 -0.020503 	 1.731992 
-0.145348 	 -0.018634 	 0.214880 	 -0.142986 	 0.100213 	 0.823345 	 -3.488420 	 0.354193 
-0.060581 	 0.094862 	 -0.077949 	 -0.363829 	 -1.158945 	 0.498090 	 -4.367636 	 0.861810 
19.133987 	 9.932054 	 -1.928264 	 -0.157096 	 -0.081482 	 0.015606 	 -0.133931 	 0.015781 
5.459996 	 -6.188618 	 -11.046644 	 0.045634 	 -0.050363 	 -0.090443 	 -0.178525 	 0.006399 
5.450795 	 -3.569562 	 -0.976380 	 -0.012630 	 0.008008 	 0.002181 	 -0.331412 	 0.000114 
-0.483260 	 0.589647 	 0.367996 	 0.172535 	 -0.290385 	 -0.175659 	 -1.602290 	 0.072474 
51.885652 	 -3.405834 	 94.811079 	 0.354162 	 -0.022881 	 0.645972 	 -0.036268 	 0.271617 
-33.508567 	 -281.246154 	 -68.595485 	 -0.242361 	 -2.040262 	 -0.497576 	 -0.014365 	 2.234495 
-8.795247 	 297.840229 	 226.119790 	 -0.063430 	 2.174284 	 1.650577 	 -0.012232 	 3.727970 
-28.941063 	 20.565849 	 28.298449 	 -0.089600 	 0.064049 	 0.087983 	 -0.066022 	 0.009936 
-0.384085 	 0.066907 	 0.112977 	 -0.047656 	 0.019432 	 0.022207 	 -2.762586 	 0.001571 
109.110635 	 29.929319 	 -2.065354 	 0.722434 	 0.198285 	 -0.013549 	 -0.037780 	 0.280706 
10.095197 	 -4.329028 	 -11.938037 	 0.213330 	 -0.089558 	 -0.249317 	 -0.161764 	 0.057845 
2.449619 	 4.443249 	 -5.872801 	 0.060960 	 0.107143 	 -0.139730 	 -0.296120 	 0.017360 
-110.629684 	 -150.927776 	 257.805358 	 -0.803929 	 -1.097470 	 1.875336 	 -0.013203 	 2.683815 
130.577448 	 138.123886 	 241.224221 	 0.950722 	 1.005199 	 1.755043 	 -0.015498 	 2.497236 
0.542851 	 0.260545 	 0.101093 	 0.452335 	 0.214610 	 0.082472 	 -1.796106 	 0.128733 
93.481141 	 258.984989 	 115.761925 	 0.678858 	 1.878972 	 0.839840 	 -0.015641 	 2.348358 
16.351211 	 -15.297335 	 12.492850 	 0.297964 	 -0.276131 	 0.226509 	 -0.113162 	 0.108169 
-123.949708 	 131.766056 	 -172.360227 	 -0.893471 	 0.950958 	 -1.243361 	 -0.016906 	 1.624279 
-14.695266 	 -10.278960 	 -4.548065 	 0.192122 	 0.134735 	 0.059664 	 -0.127690 	 0.029312 
0.366788 	 -0.257456 	 -0.071562 	 0.321824 	 -0.143632 	 -0.037186 	 -2.228759 	 0.062792 
0.225811 	 -0.163472 	 0.322428 	 1.039984 	 -0.366513 	 1.066962 	 -2.285565 	 1.177152 
3.083572 	 -4.795189 	 2.242231 	 0.360568 	 -0.536935 	 0.255476 	 -0.343634 	 0.241788 
-169.553229 	 18.409586 	 53.127098 	 -1.197833 	 0.130469 	 0.375677 	 -0.021515 	 0.796480 
34.213951 	 128.182727 	 -20.494975 	 0.245680 	 0.917958 	 -0.146596 	 -0.030685 	 0.462248 
24.301458 	 3.368278 	 -13.604555 	 0.126398 	 0.017687 	 -0.070368 	 -0.108847 	 0.010621 
0.478518 	 0.562757 	 -0.579901 	 -0.481946 	 -0.503441 	 0.464828 	 -1.502392 	 0.350895 
-0.707373 	 2.114488 	 2.735742 	 -0.065233 	 0.234087 	 0.298143 	 -0.551808 	 0.073971 
-0.171008 	 0.342767 	 -0.424031 	 0.052707 	 -0.311457 	 0.325338 	 -2.184738 	 0.102814 
-1.789531 	 9.781164 	 4.710649 	 -0.089451 	 0.521904 	 0.251058 	 -0.224693 	 0.171708 
0.300625 	 1.104392 	 -0.550524 	 -0.165048 	 -0.468359 	 0.217035 	 -1.282916 	 0.146853 
-0.153725 	 0.072166 	 -0.041701 	 0.028793 	 -0.070443 	 0.014596 	 -4.771944 	 0.003002 
0.020014 	 -0.126915 	 -0.183293 	 -0.181386 	 0.116084 	 0.241082 	 -3.717247 	 0.052249 
10.708968 	 3.036930 	 6.829877 	 0.278945 	 0.079546 	 0.176614 	 -0.200821 	 0.057665 
10.492164 	 -0.751176 	 -0.752049 	 -0.447194 	 0.029721 	 0.031017 	 -0.240677 	 0.100914 
6.125520 	 -1.982521 	 -16.766405 	 -0.036569 	 0.011361 	 0.098307 	 -0.144988 	 0.005565 
0.174760 	 -0.121137 	 0.722881 	 -0.429121 	 0.113901 	 -1.134659 	 -1.679435 	 0.742285 
-96.452545 	 99.341844 	 -270.264715 	 -0.699771 	 0.721859 	 -1.962807 	 -0.014138 	 2.431686 
5.995673 	 84.398283 	 -63.377299 	 0.048712 	 0.674261 	 -0.505906 	 -0.036476 	 0.356471 
48.696263 	 142.522674 	 133.941919 	 0.347653 	 1.015642 	 0.954302 	 -0.022165 	 1.031542 
1.354680 	 3.271235 	 -6.508685 	 0.024380 	 0.055416 	 -0.108418 	 -0.307317 	 0.007710 
-0.074181 	 -0.129650 	 0.052069 	 -0.694251 	 1.860570 	 -1.553120 	 -5.015221 	 3.177943 
171.650137 	 -0.610180 	 -98.413022 	 1.346205 	 -0.004415 	 -0.771220 	 -0.023224 	 1.203534 
231.368376 	 -116.476106 	 21.638011 	 1.671535 	 -0.840768 	 0.156377 	 -0.017729 	 1.762687 
91.482138 	 -0.539392 	 40.226120 	 0.582304 	 -0.003131 	 0.255863 	 -0.041195 	 0.202277 
262.214605 	 16.758588 	 224.769895 	 1.912496 	 0.122524 	 1.638855 	 -0.013941 	 3.179249 
-0.700072 	 0.517951 	 0.395153 	 0.107174 	 -0.101736 	 -0.074246 	 -1.454148 	 0.013675 
-0.251725 	 1.242990 	 0.870738 	 -0.008692 	 0.076450 	 0.052619 	 -1.069441 	 0.004344 
15.287770 	 -16.330848 	 -7.438353 	 0.242613 	 -0.256658 	 -0.116970 	 -0.119469 	 0.069208 
0.613847 	 -0.411638 	 0.082876 	 -0.660701 	 0.335237 	 -0.091823 	 -1.646913 	 0.278670 
7.869632 	 -8.249057 	 4.018232 	 0.246211 	 -0.253234 	 0.124585 	 -0.203757 	 0.070134 
16.568373 	 13.596376 	 34.959883 	 0.069791 	 0.057107 	 0.146404 	 -0.079383 	 0.014783 
264.425837 	 -172.862363 	 222.207957 	 1.930860 	 -1.261412 	 1.622061 	 -0.012141 	 3.975232 
14.145171 	 -70.284862 	 32.325646 	 0.083262 	 -0.410388 	 0.188973 	 -0.043179 	 0.105531 
244.649758 	 75.425302 	 -46.501730 	 1.767080 	 0.544894 	 -0.335610 	 -0.019076 	 1.766058 
-72.340459 	 -33.420336 	 -173.674555 	 -0.513179 	 -0.237094 	 -1.233709 	 -0.021152 	 0.920802 
18.892900 	 10.552239 	 55.258072 	 0.116153 	 0.064803 	 0.337951 	 -0.058061 	 0.065951 
274.503259 	 174.871261 	 -37.982987 	 1.999324 	 1.273515 	 -0.276416 	 -0.015001 	 2.847772 
0.300693 	 1.804163 	 -3.531691 	 0.013096 	 0.059740 	 -0.113431 	 -0.507240 	 0.008303 
-0.071492 	 -0.058389 	 -0.046156 	 0.983826 	 -0.337724 	 -0.853083 	 -6.769241 	 0.904861 
106.556001 	 -95.427061 	 -284.223225 	 0.775430 	 -0.693418 	 -2.066189 	 -0.013925 	 2.675629 
249.029693 	 -63.853458 	 89.361477 	 1.801707 	 -0.461440 	 0.646373 	 -0.017447 	 1.938437 
205.108653 	 123.563484 	 -305.659669 	 1.498029 	 0.902337 	 -2.231145 	 -0.011900 	 4.018157 
-43.687297 	 23.075605 	 -60.945345 	 -0.254497 	 0.135023 	 -0.355789 	 -0.042287 	 0.104793 
56.908486 	 -74.494307 	 162.031614 	 0.404118 	 -0.527692 	 1.148619 	 -0.022201 	 0.880548 
180.102085 	 183.813561 	 21.996067 	 1.300683 	 1.327052 	 0.158884 	 -0.019117 	 1.739044 
-0.009298 	 -0.414110 	 -0.113826 	 -0.265233 	 1.017038 	 0.268038 	 -2.526187 	 0.588280 
-0.415376 	 0.884707 	 -0.444109 	 -0.140293 	 0.421175 	 -0.193085 	 -1.383428 	 0.117176 
42.595045 	 135.427355 	 22.504997 	 0.303701 	 0.963548 	 0.160186 	 -0.029453 	 0.523160 
1.284374 	 -0.937383 	 6.559063 	 0.052532 	 -0.033668 	 0.248627 	 -0.321911 	 0.032854 
-0.107810 	 -0.044640 	 -0.034479 	 0.274005 	 -0.222336 	 1.745463 	 -10.093232 	 1.585576 
0.573338 	 0.150788 	 1.502256 	 0.352604 	 0.102729 	 0.789655 	 -1.009163 	 0.379219 
1.492764 	 14.253503 	 9.011165 	 0.060433 	 0.540869 	 0.341465 	 -0.160412 	 0.206395 
-0.385013 	 0.014251 	 0.430297 	 -0.539835 	 0.117850 	 0.862638 	 -2.042075 	 0.524727 
0.286601 	 0.685063 	 0.299410 	 -0.464199 	 -0.867454 	 -0.375045 	 -1.606247 	 0.554308 
-0.178496 	 5.473998 	 8.377504 	 0.000596 	 -0.044806 	 -0.068128 	 -0.243600 	 0.003325 
0.239694 	 -0.834666 	 -0.411304 	 -0.056214 	 0.128451 	 0.064285 	 -1.425682 	 0.011896 
-0.071724 	 -0.070161 	 0.043291 	 0.469298 	 -0.327884 	 0.848999 	 -5.741248 	 0.524274 
67.679174 	 209.239298 	 -194.983704 	 0.491568 	 1.517733 	 -1.413888 	 -0.015249 	 2.272116 
-144.034705 	 5.358874 	 -125.125286 	 -1.022616 	 0.038408 	 -0.888891 	 -0.021216 	 0.918673 
6.076887 	 11.062945 	 -4.572796 	 -0.144114 	 -0.258992 	 0.106204 	 -0.193203 	 0.049562 
185.645920 	 218.298825 	 47.997259 	 1.348172 	 1.584742 	 0.348485 	 -0.016762 	 2.225209 
-0.105287 	 -0.047170 	 -0.023145 	 -0.023791 	 -0.034245 	 -0.677445 	 -12.189743 	 0.230335 
0.180822 	 -2.569007 	 14.298402 	 0.007279 	 -0.064216 	 0.364483 	 -0.171442 	 0.068512 
7.903164 	 5.696792 	 -13.860740 	 -0.070383 	 -0.050480 	 0.121671 	 -0.156611 	 0.011153 
159.514498 	 59.429145 	 -22.200012 	 1.111089 	 0.414004 	 -0.154412 	 -0.027437 	 0.714881 
0.492455 	 0.173274 	 -0.547480 	 -0.743741 	 -0.274002 	 0.660239 	 -1.699253 	 0.532072 
-0.125308 	 -0.303831 	 -0.134378 	 0.000030 	 0.000377 	 0.000172 	 -3.015625 	 0.000000 
4.878313 	 -0.962577 	 4.835209 	 0.627086 	 -0.115229 	 0.610584 	 -0.328011 	 0.389664 
-0.097022 	 0.047776 	 -0.100269 	 0.017802 	 0.209266 	 -0.184042 	 -4.950106 	 0.038990 
-107.235728 	 -32.290409 	 172.158053 	 -0.764784 	 -0.230180 	 1.229123 	 -0.019421 	 1.074311 
0.606476 	 0.122667 	 -1.243991 	 -0.508815 	 -0.121226 	 0.877370 	 -1.140320 	 0.521683 
2.040772 	 19.971329 	 32.707786 	 0.013761 	 0.128378 	 0.209867 	 -0.081250 	 0.030357 
0.296574 	 -0.886439 	 33.005092 	 0.004044 	 -0.008453 	 0.332459 	 -0.088842 	 0.055308 
0.191804 	 -0.079769 	 0.322917 	 -0.995799 	 0.110378 	 -1.140297 	 -2.410978 	 1.152037 
258.368986 	 -0.136660 	 252.799631 	 1.886891 	 -0.000656 	 1.845591 	 -0.013286 	 3.483281 
27.691790 	 -15.494396 	 -6.398332 	 0.438007 	 -0.243414 	 -0.100553 	 -0.095217 	 0.130606 
103.453052 	 -29.152659 	 6.340696 	 0.677234 	 -0.190342 	 0.041577 	 -0.038053 	 0.248303 
1.313436 	 0.429454 	 -0.458683 	 -0.630395 	 -0.211678 	 0.196270 	 -1.075690 	 0.240364 
0.139191 	 -0.097201 	 0.161278 	 0.466597 	 -0.096160 	 0.340624 	 -3.015465 	 0.171492 
174.217964 	 110.508569 	 103.413423 	 1.297665 	 0.822977 	 0.769939 	 -0.020847 	 1.477015 
162.338751 	 318.653306 	 220.311046 	 1.188727 	 2.332175 	 1.612310 	 -0.011263 	 4.725827 
-1.339797 	 2.390462 	 6.868206 	 0.013926 	 -0.027489 	 -0.077654 	 -0.303376 	 0.003490 
0.003688 	 11.467845 	 -6.085567 	 0.004262 	 0.451241 	 -0.237815 	 -0.192484 	 0.130096 
171.335110 	 108.753068 	 263.129830 	 1.249470 	 0.792943 	 1.917836 	 -0.014427 	 2.934016 
-0.065822 	 -0.149586 	 0.038045 	 -0.284293 	 0.744047 	 -0.398981 	 -4.851574 	 0.396808 
-0.114158 	 0.118238 	 -0.023231 	 -0.055291 	 1.004741 	 -0.037685 	 -4.251238 	 0.506991 
-0.004309 	 -0.072787 	 0.012988 	 -0.990658 	 0.254887 	 -0.295205 	 -4.947116 	 0.566759 
103.618232 	 88.127065 	 18.706143 	 0.703010 	 0.597620 	 0.126901 	 -0.031859 	 0.433738 
173.719559 	 21.626006 	 -22.143644 	 1.256154 	 0.156620 	 -0.159899 	 -0.026677 	 0.814010 
143.955463 	 73.329891 	 51.130602 	 1.001929 	 0.510329 	 0.355728 	 -0.027073 	 0.695420 
-0.751882 	 2.324991 	 3.124258 	 -0.006679 	 0.024492 	 0.032437 	 -0.502193 	 0.000848 
-79.069526 	 108.162856 	 254.993005 	 -0.572435 	 0.784442 	 1.848638 	 -0.015297 	 2.180247 
0.148984 	 -0.015193 	 -0.247013 	 0.946250 	 0.117954 	 -0.856553 	 -2.894258 	 0.821492 
198.691283 	 -235.347938 	 -37.435873 	 1.444209 	 -1.709407 	 -0.271839 	 -0.014312 	 2.540855 
-0.920924 	 1.860076 	 0.060459 	 -0.254758 	 0.595462 	 0.024199 	 -0.847367 	 0.210031 
-0.152271 	 0.118478 	 -0.180529 	 0.072151 	 -0.252750 	 0.249923 	 -3.766977 	 0.065775 
225.148881 	 91.637070 	 47.649019 	 1.623032 	 0.660614 	 0.343450 	 -0.020442 	 1.594302 
6.740417 	 -3.785301 	 2.723689 	 -0.337448 	 0.184286 	 -0.135104 	 -0.282733 	 0.083043 
-0.323347 	 0.306128 	 0.066651 	 -0.078154 	 0.126389 	 0.029965 	 -2.462703 	 0.011490 
69.902913 	 382.348447 	 190.680290 	 0.512506 	 2.799396 	 1.396035 	 -0.010745 	 5.024098 
0.039978 	 0.148974 	 1.466346 	 -0.050112 	 -0.067657 	 -0.512479 	 -1.072065 	 0.134862 
-0.227978 	 -0.130890 	 0.247415 	 0.781993 	 0.534634 	 -1.682602 	 -2.901904 	 1.864248 
0.139683 	 0.391631 	 0.391596 	 -0.332543 	 -0.595770 	 -0.555202 	 -1.929616 	 0.386888 
-2.232144 	 -3.004492 	 -34.992041 	 -0.001309 	 -0.001820 	 -0.021519 	 -0.081257 	 0.000234 
166.536335 	 -54.253080 	 35.565161 	 1.214870 	 -0.395181 	 0.259406 	 -0.025319 	 0.849684 
-0.303393 	 0.045838 	 0.299556 	 0.185912 	 -0.086900 	 -0.296785 	 -2.529207 	 0.065098 
124.336578 	 80.203887 	 -87.081835 	 0.908940 	 0.586163 	 -0.635934 	 -0.026028 	 0.787086 
11.995096 	 22.797792 	 -10.118768 	 0.184094 	 0.347562 	 -0.153689 	 -0.107687 	 0.089155 
-0.168557 	 0.137228 	 -0.041167 	 0.174625 	 -0.506371 	 0.066368 	 -3.948616 	 0.145655 
126.600802 	 94.278560 	 -10.990334 	 0.884225 	 0.658256 	 -0.076578 	 -0.028788 	 0.610509 
131.777113 	 -95.551075 	 23.911796 	 1.019334 	 -0.738164 	 0.184949 	 -0.026478 	 0.809066 
505.963241 	 71.869037 	 -42.115114 	 3.709720 	 0.527177 	 -0.308599 	 -0.009370 	 7.067584 
10.204929 	 4.881313 	 8.133994 	 0.263688 	 0.126043 	 0.208471 	 -0.190589 	 0.064439 
6.845781 	 22.074636 	 14.409082 	 0.104938 	 0.333972 	 0.217794 	 -0.111473 	 0.084992 
-151.780787 	 198.712895 	 -187.704256 	 -1.102498 	 1.444742 	 -1.364258 	 -0.013834 	 2.581990 
98.404186 	 63.029723 	 46.756215 	 0.661150 	 0.423342 	 0.313921 	 -0.033735 	 0.357442 
-0.131280 	 0.621343 	 -0.640824 	 -0.008875 	 0.226271 	 -0.211229 	 -1.609073 	 0.047948 
79.490599 	 -22.141593 	 33.199935 	 0.487544 	 -0.135336 	 0.203463 	 -0.043930 	 0.148706 
4.146816 	 11.449126 	 5.196705 	 0.123946 	 0.335118 	 0.151985 	 -0.196703 	 0.075383 
0.347595 	 -0.671121 	 -1.404694 	 0.163589 	 -0.225601 	 -0.501484 	 -0.984557 	 0.164572 
-234.826993 	 130.601913 	 -13.640924 	 -1.698584 	 0.945450 	 -0.098590 	 -0.015483 	 1.894392 
108.273463 	 13.362802 	 -117.785986 	 0.757855 	 0.093769 	 -0.823519 	 -0.026758 	 0.630660 
75.856046 	 1.493923 	 52.915917 	 0.871879 	 0.017685 	 0.607563 	 -0.042992 	 0.564810 
0.564408 	 0.087581 	 -5.164674 	 0.021031 	 0.004223 	 -0.161704 	 -0.391048 	 0.013304 
57.786615 	 22.036296 	 -1.354928 	 0.285445 	 0.108885 	 -0.006597 	 -0.058717 	 0.046689 
16.732379 	 10.279108 	 21.188843 	 -0.035901 	 -0.022017 	 -0.045216 	 -0.105625 	 0.001909 
-129.094611 	 -57.910698 	 -210.191331 	 -0.931278 	 -0.417765 	 -1.517415 	 -0.016752 	 1.672177 
-124.770656 	 -12.307520 	 -157.922491 	 -0.889258 	 -0.087457 	 -1.126362 	 -0.020320 	 1.033560 
35.435284 	 1.709672 	 -32.001904 	 0.123388 	 0.006098 	 -0.111044 	 -0.070443 	 0.013796 
-51.244546 	 -231.736417 	 -22.140005 	 -0.368246 	 -1.668356 	 -0.159304 	 -0.017141 	 1.472197 
17.315752 	 4.388598 	 -15.484799 	 0.096966 	 0.024688 	 -0.086095 	 -0.123423 	 0.008712 
15.676153 	 -3.439519 	 53.576961 	 0.100440 	 -0.021593 	 0.341101 	 -0.059666 	 0.063452 
6.497075 	 23.153094 	 5.199067 	 0.066714 	 0.234435 	 0.052709 	 -0.119871 	 0.031094 
-0.766473 	 1.912200 	 -0.099351 	 -0.181515 	 0.537644 	 -0.022590 	 -0.861095 	 0.161259 
0.244337 	 1.288816 	 -1.496875 	 -0.096103 	 -0.367370 	 0.407020 	 -0.892243 	 0.154931 
-3.789806 	 171.742273 	 -100.862624 	 -0.026236 	 1.223174 	 -0.718041 	 -0.021290 	 1.006213 
2.797420 	 22.951077 	 8.593045 	 0.067720 	 0.536580 	 0.200888 	 -0.119929 	 0.166430 
-0.707129 	 5.623054 	 6.911282 	 -0.009669 	 0.091061 	 0.111271 	 -0.267697 	 0.010383 
5.995481 	 -9.624572 	 1.585249 	 -0.000512 	 0.000804 	 -0.000134 	 -0.208136 	 0.000000 
50.630493 	 -14.685544 	 6.109211 	 0.206066 	 -0.059456 	 0.024882 	 -0.065425 	 0.023309 
57.123497 	 -29.242777 	 -44.201545 	 0.346014 	 -0.176524 	 -0.267147 	 -0.047646 	 0.111127 
139.472344 	 -53.262812 	 19.013136 	 0.996419 	 -0.379900 	 0.135853 	 -0.029137 	 0.577816 
-264.263998 	 116.101031 	 179.592041 	 -1.924591 	 0.846222 	 1.308583 	 -0.012469 	 3.066265 
101.894696 	 -28.029779 	 -10.860532 	 0.664813 	 -0.182387 	 -0.070676 	 -0.038293 	 0.240118 
-14.266481 	 82.270155 	 40.246179 	 -0.104496 	 0.607408 	 0.297098 	 -0.039582 	 0.234066 
-0.083952 	 -0.040983 	 -0.074752 	 0.694796 	 0.193380 	 -1.898615 	 -6.248250 	 2.062439 
186.126959 	 13.713229 	 -57.364926 	 1.314061 	 0.097092 	 -0.404649 	 -0.024438 	 0.949962 
-0.100177 	 0.010099 	 0.091950 	 0.059349 	 0.690517 	 1.321231 	 -5.146421 	 1.112994 
-42.656747 	 -226.024207 	 23.199532 	 -0.305938 	 -1.624729 	 0.166922 	 -0.017664 	 1.380603 
-24.513475 	 55.578852 	 201.525539 	 -0.174981 	 0.398773 	 1.444832 	 -0.020188 	 1.138589 
-108.011108 	 -145.481541 	 -111.597773 	 -0.772597 	 -1.041298 	 -0.798907 	 -0.018780 	 1.159730 
-0.136948 	 -0.025766 	 -0.024666 	 0.772774 	 -0.511433 	 0.184911 	 -6.870159 	 0.446467 
0.015137 	 -0.036862 	 0.001618 	 2.235815 	 0.185990 	 0.346999 	 -4.648346 	 2.576935 
-193.168402 	 176.532971 	 204.013878 	 -1.405515 	 1.285514 	 1.485360 	 -0.013054 	 2.917157 
-0.210586 	 -0.149982 	 -0.224912 	 -0.077949 	 -0.076181 	 -0.153567 	 -3.209839 	 0.017731 
199.444557 	 9.284949 	 -50.029141 	 1.489283 	 0.069645 	 -0.373251 	 -0.023290 	 1.181065 
17.181081 	 -14.046378 	 -19.258024 	 -0.031480 	 0.025495 	 0.035040 	 -0.099379 	 0.001434 
213.638624 	 33.067815 	 31.825699 	 1.691970 	 0.262132 	 0.252063 	 -0.021993 	 1.497506 
113.341165 	 -111.324822 	 -311.542359 	 0.826661 	 -0.810862 	 -2.270026 	 -0.012745 	 3.246943 
-0.231174 	 0.197260 	 -0.134145 	 -0.566508 	 1.096707 	 -0.526098 	 -3.162086 	 0.900239 
368.345659 	 89.081761 	 107.024234 	 2.692249 	 0.651258 	 0.782145 	 -0.012430 	 4.142045 
0.130442 	 -0.019930 	 -0.687111 	 0.514068 	 0.058786 	 -1.462601 	 -1.851966 	 1.203462 
5.044961 	 -1.888776 	 0.567206 	 0.418109 	 -0.149537 	 0.047432 	 -0.394171 	 0.099713 
39.389714 	 5.038312 	 -21.206519 	 0.198972 	 0.025619 	 -0.106751 	 -0.075737 	 0.025821 
8.993791 	 181.058247 	 -14.937058 	 0.064379 	 1.281414 	 -0.105567 	 -0.023519 	 0.828656 
101.232283 	 -32.332007 	 135.420623 	 0.713344 	 -0.227265 	 0.953386 	 -0.024825 	 0.734727 
73.994738 	 -182.245337 	 270.382904 	 0.539369 	 -1.326215 	 1.968230 	 -0.013165 	 2.961846 
100.824206 	 -92.365795 	 1.263158 	 0.720417 	 -0.658957 	 0.009138 	 -0.029851 	 0.476654 
28.544638 	 -28.739977 	 15.127480 	 0.086957 	 -0.087088 	 0.045966 	 -0.074020 	 0.008629 
35.454707 	 33.213949 	 69.784555 	 0.212961 	 0.199193 	 0.418028 	 -0.044399 	 0.129889 
-0.135224 	 -0.024321 	 -0.187874 	 0.043728 	 -0.032690 	 0.247759 	 -4.408774 	 0.032183 
-0.319877 	 0.141245 	 -0.143912 	 0.723962 	 -0.633983 	 0.427607 	 -2.984168 	 0.554452 
0.072984 	 -0.170596 	 -0.253626 	 -0.672386 	 0.467252 	 0.893414 	 -3.021156 	 0.734308 
-151.491115 	 98.416028 	 86.360790 	 -1.078850 	 0.701694 	 0.615570 	 -0.019977 	 1.017609 
6.452534 	 -5.959009 	 12.925592 	 -0.016015 	 0.014439 	 -0.031609 	 -0.165929 	 0.000732 
130.335997 	 230.765299 	 -37.910883 	 0.942833 	 1.668319 	 -0.273898 	 -0.017698 	 1.873622 
149.306047 	 205.919547 	 -99.063400 	 1.080619 	 1.489656 	 -0.716355 	 -0.017199 	 1.949987 
-21.662586 	 -55.618911 	 -147.003041 	 -0.150805 	 -0.388752 	 -1.028234 	 -0.024521 	 0.615568 
204.396311 	 4.784173 	 409.373951 	 1.497343 	 0.035372 	 2.997528 	 -0.010246 	 5.614232 
0.982129 	 -0.255536 	 0.712387 	 0.513845 	 -0.098626 	 0.344750 	 -1.189001 	 0.196308 
273.645730 	 61.251790 	 -170.338007 	 1.990926 	 0.445811 	 -1.238705 	 -0.014858 	 2.848462 
2.330250 	 1.542557 	 -1.017017 	 -0.731061 	 -0.477129 	 0.300184 	 -0.643022 	 0.426107 
-112.058712 	 88.193925 	 242.031842 	 -0.811052 	 0.639263 	 1.753531 	 -0.015505 	 2.070666 
65.633974 	 -17.903559 	 -56.376745 	 0.404594 	 -0.109900 	 -0.346868 	 -0.042879 	 0.148046 
-0.151046 	 -0.010243 	 -0.259793 	 -0.233399 	 0.185906 	 -1.232404 	 -3.710389 	 0.803928 
-0.106162 	 0.100192 	 -0.262083 	 -0.002502 	 0.337519 	 -0.562427 	 -3.447880 	 0.215125 
-0.183229 	 -0.145857 	 -0.134151 	 -0.815893 	 -1.033431 	 -1.222560 	 -3.844593 	 1.614156 
-0.077544 	 -0.476919 	 -0.467365 	 -0.014790 	 0.231056 	 0.241946 	 -1.884089 	 0.056072 
106.715740 	 84.319065 	 137.743605 	 0.780811 	 0.616676 	 1.006966 	 -0.023762 	 1.001968 
9.777572 	 12.015615 	 7.415978 	 0.012570 	 0.015343 	 0.009454 	 -0.160344 	 0.000241 
57.084457 	 35.470013 	 50.462848 	 0.344583 	 0.213999 	 0.304155 	 -0.045849 	 0.128522 
-0.105095 	 -0.046837 	 -0.017014 	 -0.289830 	 0.307195 	 0.313798 	 -33.025731 	 0.138419 
-0.023889 	 -0.162940 	 0.071039 	 0.055858 	 -0.079867 	 0.060602 	 -4.138925 	 0.006586 
-4.518777 	 16.483457 	 66.038977 	 -0.040571 	 0.151946 	 0.607184 	 -0.050481 	 0.196703 
-1.668868 	 4.618727 	 -1.425528 	 0.151766 	 -0.452795 	 0.136694 	 -0.402980 	 0.123371 
35.101707 	 67.210120 	 -31.933336 	 0.363013 	 0.693479 	 -0.329085 	 -0.045247 	 0.360494 
-0.133441 	 0.001624 	 -0.018910 	 0.063905 	 -0.109221 	 0.004215 	 -6.386551 	 0.008015 
1.561022 	 -4.779536 	 1.567218 	 -0.232103 	 0.659308 	 -0.220702 	 -0.378716 	 0.268634 
19.396707 	 -2.566211 	 -7.528649 	 0.116641 	 -0.015068 	 -0.044927 	 -0.136588 	 0.007925 
-20.069687 	 237.038232 	 39.891468 	 -0.144115 	 1.711407 	 0.288081 	 -0.018207 	 1.516337 
-42.546243 	 37.588251 	 331.817398 	 -0.308978 	 0.273990 	 2.415807 	 -0.013118 	 3.003331 
158.714584 	 157.718323 	 38.569191 	 1.139649 	 1.132082 	 0.276885 	 -0.021580 	 1.328538 
0.086293 	 -0.104201 	 -0.303482 	 0.396217 	 -0.118720 	 -0.593074 	 -2.893021 	 0.261410 
1.231044 	 1.621421 	 1.526155 	 0.099117 	 0.123758 	 0.114478 	 -0.740944 	 0.019123 
-0.128784 	 -0.021624 	 -0.111043 	 0.526659 	 -0.560539 	 2.087899 	 -6.434555 	 2.475448 
-0.165797 	 -0.008548 	 0.008912 	 -1.499393 	 0.946035 	 0.640763 	 -5.602112 	 1.776869 
-0.024750 	 -0.008578 	 -0.117558 	 -0.831064 	 -0.396110 	 1.040032 	 -4.642581 	 0.964619 
404.061510 	 -14.066478 	 163.264048 	 2.957812 	 -0.102600 	 1.194940 	 -0.011129 	 5.093529 
250.304192 	 78.812274 	 -162.431625 	 1.818904 	 0.572811 	 -1.179735 	 -0.015717 	 2.514149 
0.060325 	 0.285619 	 0.144198 	 0.310894 	 0.624957 	 0.303073 	 -2.592900 	 0.289540 
62.804613 	 61.451884 	 302.533754 	 0.457125 	 0.446873 	 2.198447 	 -0.014505 	 2.620913 
1.046651 	 -1.045620 	 1.883979 	 0.183351 	 -0.159000 	 0.302637 	 -0.733538 	 0.075244 
189.181973 	 -7.873477 	 -145.374212 	 1.364749 	 -0.056429 	 -1.048017 	 -0.019674 	 1.482032 
0.664293 	 -0.870611 	 0.869552 	 0.020331 	 -0.021768 	 0.023428 	 -1.090695 	 0.000718 
24.666368 	 20.923472 	 -11.627310 	 0.008994 	 0.007614 	 -0.004215 	 -0.092022 	 0.000078 
24.592171 	 168.496231 	 55.062890 	 0.174401 	 1.190180 	 0.388951 	 -0.024369 	 0.799114 
8.347379 	 -103.510889 	 91.948096 	 0.058049 	 -0.710561 	 0.631590 	 -0.027430 	 0.453586 
51.446503 	 20.221130 	 22.096993 	 0.245243 	 0.096419 	 0.105202 	 -0.060715 	 0.040254 
7.010045 	 6.420206 	 1.184679 	 -0.287809 	 -0.261595 	 -0.048610 	 -0.256438 	 0.076814 
2.468093 	 -1.135413 	 -0.712435 	 -0.301359 	 0.127487 	 0.081442 	 -0.648581 	 0.056851 
0.542558 	 -2.785529 	 3.148404 	 -0.092332 	 0.390447 	 -0.451292 	 -0.449647 	 0.182319 
-7.489001 	 37.124312 	 44.113995 	 -0.034738 	 0.174873 	 0.207616 	 -0.057747 	 0.037446 
1.676688 	 1.482827 	 -5.611807 	 0.175998 	 0.151099 	 -0.552637 	 -0.356737 	 0.179607 
2.799804 	 53.008543 	 75.172415 	 0.019096 	 0.348778 	 0.494284 	 -0.040613 	 0.183164 
-0.133246 	 -0.030369 	 -0.159926 	 0.078684 	 -0.046063 	 0.399065 	 -4.717233 	 0.083783 
62.667611 	 -28.537723 	 2.579412 	 0.352402 	 -0.159946 	 0.014576 	 -0.052977 	 0.074991 
168.955980 	 13.468754 	 -67.032759 	 1.228379 	 0.098203 	 -0.486929 	 -0.025531 	 0.877830 
-42.581455 	 -11.566532 	 12.084044 	 -0.132859 	 -0.036032 	 0.037850 	 -0.062503 	 0.010191 
0.717112 	 0.917818 	 0.315119 	 0.706137 	 0.828519 	 0.285275 	 -1.232965 	 0.633228 
-30.246010 	 97.334153 	 -22.369186 	 -0.195579 	 0.631889 	 -0.145039 	 -0.035801 	 0.229286 
16.684074 	 -31.395811 	 5.360790 	 0.101865 	 -0.190204 	 0.032629 	 -0.082937 	 0.023809 
-113.281228 	 63.541940 	 235.641276 	 -0.818731 	 0.460009 	 1.704782 	 -0.015979 	 1.894105 
0.005577 	 -0.445715 	 -0.645117 	 0.065905 	 -0.237564 	 -0.374095 	 -1.676833 	 0.100363 
0.550843 	 1.148750 	 -0.961222 	 -0.436907 	 -0.796400 	 0.628923 	 -1.073459 	 0.610343 
3.372621 	 15.218151 	 -2.098136 	 0.078719 	 0.345530 	 -0.047106 	 -0.168307 	 0.063903 
-79.190253 	 -72.447738 	 26.250026 	 -0.520925 	 -0.476896 	 0.173018 	 -0.031349 	 0.264364 
-81.426451 	 -130.433793 	 -147.813589 	 -0.582088 	 -0.933293 	 -1.057908 	 -0.018878 	 1.164516 
-0.122113 	 -0.292924 	 -0.055392 	 -0.007816 	 -0.112862 	 -0.017592 	 -3.178932 	 0.006554 
143.735386 	 -52.949420 	 -95.495621 	 1.166978 	 -0.429199 	 -0.774618 	 -0.024068 	 1.073041 
0.407001 	 0.993862 	 -1.121608 	 -0.045003 	 -0.091464 	 0.097075 	 -1.090941 	 0.009907 
0.098731 	 -0.308591 	 0.099001 	 -0.324687 	 0.416971 	 -0.184867 	 -2.729164 	 0.156731 
75.915516 	 38.897615 	 78.881770 	 0.505762 	 0.259096 	 0.524910 	 -0.035618 	 0.299228 
203.226853 	 159.257059 	 50.218532 	 1.596264 	 1.250620 	 0.394376 	 -0.019121 	 2.133821 
247.064393 	 16.806378 	 -310.032224 	 1.804944 	 0.123070 	 -2.263872 	 -0.011758 	 4.199043 
75.543552 	 -132.625280 	 61.193781 	 0.530213 	 -0.929228 	 0.429020 	 -0.024684 	 0.664324 
-64.308015 	 84.444747 	 113.858478 	 -0.447552 	 0.588982 	 0.793814 	 -0.025549 	 0.588672 
-0.028481 	 -0.874539 	 1.874604 	 0.000731 	 -0.007903 	 0.018063 	 -0.791696 	 0.000195 
38.211331 	 48.712080 	 130.441912 	 0.265658 	 0.338058 	 0.904506 	 -0.028882 	 0.501494 
-0.320702 	 0.395752 	 -1.502070 	 -0.077041 	 0.158140 	 -0.530580 	 -1.014591 	 0.156230 
0.243996 	 1.286310 	 -0.125209 	 0.059010 	 0.225371 	 -0.018286 	 -1.203788 	 0.027304 
51.394998 	 35.966135 	 142.818802 	 0.358973 	 0.251023 	 0.995616 	 -0.027109 	 0.591563 
0.817084 	 0.228616 	 -0.058620 	 -0.153655 	 -0.045902 	 0.006929 	 -1.500071 	 0.012882 
15.722143 	 33.250622 	 34.416222 	 0.227057 	 0.477684 	 0.493978 	 -0.067101 	 0.261876 
357.753229 	 167.527527 	 -208.543805 	 2.619039 	 1.226418 	 -1.526134 	 -0.010752 	 5.346275 
-0.161641 	 0.005973 	 -0.050455 	 -0.012055 	 0.011259 	 -0.007121 	 -5.834260 	 0.000161 
-0.031064 	 0.062825 	 1.196033 	 0.055057 	 0.081599 	 0.902436 	 -1.233568 	 0.412040 
30.694193 	 -7.357272 	 -7.491439 	 0.172769 	 -0.041008 	 -0.041928 	 -0.096991 	 0.016644 
27.805489 	 9.740844 	 -27.768964 	 0.532260 	 0.186654 	 -0.529235 	 -0.080260 	 0.299115 
-15.949817 	 54.221174 	 -36.852575 	 -0.133484 	 0.457181 	 -0.310321 	 -0.049968 	 0.161566 
102.330910 	 -179.283579 	 -272.835622 	 0.746166 	 -1.305600 	 -1.987271 	 -0.012779 	 3.105301 
14.238688 	 -76.209346 	 -344.597365 	 0.104568 	 -0.555233 	 -2.512030 	 -0.012299 	 3.314756 
225.476601 	 109.148360 	 23.069314 	 1.626406 	 0.787279 	 0.166449 	 -0.019995 	 1.646354 
-177.532467 	 33.686632 	 -75.689989 	 -1.263317 	 0.240189 	 -0.538806 	 -0.020515 	 0.971985 
0.015492 	 -0.257276 	 0.001552 	 -0.772877 	 1.348863 	 -0.119175 	 -3.367376 	 1.215486 
-0.098547 	 0.090487 	 -0.133480 	 -0.007319 	 -0.154049 	 0.130600 	 -4.373179 	 0.020421 
29.166337 	 -10.625515 	 14.957353 	 0.339762 	 -0.122790 	 0.173812 	 -0.091863 	 0.080363 
15.360107 	 40.119649 	 -37.524149 	 0.074991 	 0.194769 	 -0.181874 	 -0.059770 	 0.038318 
-147.915907 	 25.337697 	 -100.718778 	 -1.045882 	 0.179616 	 -0.712547 	 -0.022058 	 0.816927 
57.198374 	 -49.323326 	 5.217964 	 0.344978 	 -0.296654 	 0.031516 	 -0.047819 	 0.104003 
4.446485 	 -2.412347 	 6.307051 	 0.074112 	 -0.038517 	 0.102973 	 -0.286371 	 0.008790 
76.100260 	 113.972613 	 12.073745 	 0.517745 	 0.774657 	 0.082146 	 -0.031170 	 0.437450 
7.714848 	 19.425677 	 -9.440234 	 0.148432 	 0.369612 	 -0.178864 	 -0.123959 	 0.095319 
-0.183725 	 -0.047815 	 0.593739 	 0.005836 	 0.000071 	 -0.045320 	 -1.889672 	 0.001044 
11.684961 	 -5.283028 	 -3.488290 	 0.645431 	 -0.286647 	 -0.190029 	 -0.194758 	 0.267429 
8.509038 	 -1.346297 	 20.299999 	 0.153647 	 -0.023178 	 0.362389 	 -0.128793 	 0.077735 
372.817002 	 89.931604 	 232.212926 	 2.729817 	 0.658649 	 1.699941 	 -0.010789 	 5.387759 
0.289351 	 -0.084926 	 1.002305 	 -0.417093 	 0.040252 	 -1.077931 	 -1.358343 	 0.668761 
-0.300837 	 0.037675 	 -0.192223 	 0.426968 	 -0.184376 	 0.382081 	 -3.159772 	 0.181141 
-113.204625 	 -90.955987 	 -92.257736 	 -0.797553 	 -0.641071 	 -0.650461 	 -0.023339 	 0.735081 
70.894091 	 -5.962991 	 -4.106246 	 0.388984 	 -0.032413 	 -0.022404 	 -0.052254 	 0.076431 
198.054492 	 131.725693 	 45.325929 	 1.426206 	 0.948401 	 0.326345 	 -0.020773 	 1.520014 
-0.173579 	 -0.005707 	 0.093041 	 -0.178065 	 0.106971 	 0.286125 	 -4.807815 	 0.062509 
-100.170899 	 85.580248 	 129.891904 	 -0.708922 	 0.606630 	 0.920347 	 -0.021876 	 0.858804 
-0.068576 	 0.059843 	 -0.255382 	 0.132697 	 0.387971 	 -0.866599 	 -3.600248 	 0.459562 
78.571344 	 9.769168 	 41.206101 	 0.483431 	 0.060315 	 0.253298 	 -0.044730 	 0.150752 
98.230539 	 71.214704 	 145.860285 	 0.773249 	 0.560356 	 1.147087 	 -0.023867 	 1.113862 
387.056340 	 -25.192809 	 6.795973 	 2.826656 	 -0.183590 	 0.049742 	 -0.012511 	 4.013082 
-0.139701 	 0.236411 	 -0.570595 	 0.024831 	 -0.203128 	 0.396943 	 -2.032108 	 0.099720 
0.242764 	 2.608221 	 -3.279108 	 -0.011315 	 -0.086371 	 0.106117 	 -0.487778 	 0.009424 
0.785015 	 0.747875 	 -1.135314 	 0.163967 	 0.146402 	 -0.206002 	 -1.066207 	 0.045378 
121.640074 	 103.440408 	 82.343949 	 0.850821 	 0.723225 	 0.575583 	 -0.025446 	 0.789124 
1.541510 	 1.291827 	 -1.250320 	 0.749326 	 0.609209 	 -0.561241 	 -0.769092 	 0.623808 
1.031429 	 -1.172658 	 -0.022640 	 -0.534345 	 0.529311 	 0.002633 	 -1.023384 	 0.282851 
145.857450 	 93.884614 	 -38.283925 	 1.057568 	 0.680578 	 -0.277262 	 -0.026206 	 0.829256 
19.591497 	 9.793864 	 127.728570 	 0.174735 	 0.087300 	 1.133273 	 -0.030565 	 0.661231 
57.960684 	 -43.514017 	 100.597755 	 0.415043 	 -0.310695 	 0.719175 	 -0.031845 	 0.393002 
-0.450745 	 0.883395 	 2.979725 	 -0.051097 	 0.137509 	 0.442977 	 -0.588138 	 0.108874 
1.361615 	 -1.814465 	 0.014135 	 0.751009 	 -0.905091 	 0.015962 	 -0.760495 	 0.691729 
10.357573 	 -14.519355 	 -6.680284 	 0.299154 	 -0.413806 	 -0.190519 	 -0.139473 	 0.148513 
42.665317 	 -15.169665 	 -44.803613 	 0.233342 	 -0.082505 	 -0.244342 	 -0.054878 	 0.060479 
3.716250 	 -1.425657 	 2.537779 	 0.095895 	 -0.034601 	 0.064113 	 -0.443622 	 0.007252 
64.711074 	 199.051871 	 126.664210 	 0.466994 	 1.434486 	 0.912725 	 -0.018806 	 1.554450 
-49.294137 	 -84.535017 	 -137.403429 	 -0.345912 	 -0.594145 	 -0.966140 	 -0.023121 	 0.703045 
45.127159 	 41.744323 	 -303.375599 	 0.328941 	 0.303917 	 -2.206104 	 -0.014101 	 2.533730 
-0.252278 	 0.257587 	 -1.076247 	 -0.078559 	 0.162475 	 -0.565268 	 -1.323441 	 0.176049 
89.020842 	 66.641943 	 -92.028331 	 0.615242 	 0.460357 	 -0.635160 	 -0.029359 	 0.496940 
0.686257 	 -1.501697 	 -0.415588 	 -0.026488 	 0.048698 	 0.013341 	 -0.958842 	 0.001626 
40.045172 	 -27.488369 	 -22.996276 	 0.213280 	 -0.145771 	 -0.122067 	 -0.063485 	 0.040819 
0.113908 	 0.045863 	 0.133444 	 -1.224101 	 -0.518334 	 -0.841200 	 -3.107881 	 1.237355 
-0.365986 	 1.256954 	 -1.968538 	 0.108674 	 -0.543055 	 0.812823 	 -0.754883 	 0.483700 
-115.231312 	 -57.262017 	 -213.973395 	 -0.830925 	 -0.412951 	 -1.544232 	 -0.016986 	 1.622808 
5.645366 	 -10.478164 	 -6.098030 	 -0.074804 	 0.135694 	 0.079104 	 -0.181123 	 0.015133 
-0.091310 	 -0.102470 	 -0.073569 	 0.343283 	 -1.387106 	 -1.410108 	 -5.506253 	 2.015155 
10.605498 	 18.668940 	 1.954133 	 0.096309 	 0.168292 	 0.017725 	 -0.133143 	 0.018956 
1.595733 	 1.889314 	 0.299721 	 0.204673 	 0.232997 	 0.038118 	 -0.738874 	 0.048816 
1.310004 	 -0.857263 	 0.306697 	 0.004445 	 -0.002546 	 0.001017 	 -1.004299 	 0.000014 
129.566889 	 140.979379 	 0.966329 	 0.953865 	 1.037387 	 0.007234 	 -0.024477 	 0.993042 
251.933051 	 7.259274 	 -5.895190 	 1.817380 	 0.052683 	 -0.042386 	 -0.019287 	 1.653721 
72.623404 	 93.603574 	 -117.885542 	 0.579829 	 0.746629 	 -0.939708 	 -0.025505 	 0.888354 
5.014661 	 2.361137 	 4.560103 	 -0.336429 	 -0.158235 	 -0.300774 	 -0.326740 	 0.114344 
-0.458637 	 17.629900 	 17.752068 	 0.001706 	 -0.085314 	 -0.085760 	 -0.115431 	 0.007318 
22.725177 	 -80.098011 	 312.462945 	 0.166152 	 -0.582590 	 2.274142 	 -0.013586 	 2.769370 
-0.106325 	 -0.055683 	 -0.040650 	 0.016250 	 0.114444 	 0.306334 	 -8.556386 	 0.053601 
0.239791 	 -0.077986 	 -0.011374 	 0.221556 	 -0.019996 	 0.003639 	 -2.836525 	 0.024750 
25.592069 	 -13.305297 	 11.675743 	 0.237270 	 -0.122420 	 0.107963 	 -0.098897 	 0.041470 
13.467340 	 -0.333824 	 20.752486 	 0.273751 	 -0.005788 	 0.418915 	 -0.118409 	 0.125232 
34.207159 	 6.431465 	 -6.258784 	 0.022864 	 0.004317 	 -0.004159 	 -0.091291 	 0.000279 
-132.264061 	 202.493744 	 150.819954 	 -0.957806 	 1.467888 	 1.093172 	 -0.015245 	 2.133556 
204.790210 	 -129.371038 	 149.543898 	 1.484413 	 -0.936920 	 1.083530 	 -0.016093 	 2.127669 
-0.495077 	 0.394828 	 0.236728 	 -0.100578 	 0.113908 	 0.065444 	 -1.872359 	 0.013687 
176.157802 	 -56.961593 	 194.125829 	 1.277211 	 -0.412407 	 1.406770 	 -0.017092 	 1.890175 
14.333731 	 8.337877 	 12.658761 	 0.277522 	 0.161159 	 0.243636 	 -0.137586 	 0.081175 
165.663960 	 -0.372003 	 -141.406553 	 1.186787 	 -0.002328 	 -1.012247 	 -0.021062 	 1.216557 
1.172684 	 -0.259588 	 -0.749595 	 -0.758786 	 0.126326 	 0.435023 	 -1.095720 	 0.390480 
8.154997 	 -3.600871 	 16.654136 	 0.051158 	 -0.022011 	 0.103252 	 -0.145101 	 0.006881 
10.834751 	 9.790878 	 -6.579472 	 -0.161172 	 -0.144935 	 0.096682 	 -0.168488 	 0.028165 
0.336396 	 0.675466 	 0.055933 	 -0.342331 	 -0.560121 	 -0.056585 	 -1.677107 	 0.217064 
63.406537 	 373.619373 	 -98.391797 	 0.463688 	 2.728076 	 -0.718218 	 -0.011771 	 4.086620 
103.586780 	 96.845159 	 -47.104320 	 0.737794 	 0.689412 	 -0.335038 	 -0.029576 	 0.565939 
142.294758 	 86.134960 	 217.797501 	 1.030230 	 0.623506 	 1.575838 	 -0.017399 	 1.966699 
-8.758397 	 116.381350 	 46.155460 	 -0.070521 	 0.948843 	 0.376287 	 -0.031395 	 0.523434 
-5.401243 	 12.333535 	 12.828351 	 -0.035795 	 0.083676 	 0.086818 	 -0.142640 	 0.007910 
-113.737320 	 -145.875325 	 -33.743379 	 -0.806639 	 -1.035190 	 -0.239412 	 -0.020580 	 0.889801 
77.025099 	 -12.123290 	 18.655037 	 0.455481 	 -0.071316 	 0.110265 	 -0.047958 	 0.112354 
-56.934831 	 -292.570052 	 21.732460 	 -0.412653 	 -2.124071 	 0.157928 	 -0.014015 	 2.353451 
-0.059993 	 1.186109 	 -0.052254 	 0.015701 	 0.429436 	 -0.012265 	 -1.289975 	 0.092406 
-0.393322 	 1.116446 	 -0.168678 	 0.019961 	 -0.080558 	 0.010501 	 -1.284001 	 0.003499 
10.203350 	 12.875262 	 16.930214 	 -0.009821 	 -0.012311 	 -0.016146 	 -0.123681 	 0.000254 
0.245637 	 0.172892 	 -0.743359 	 -0.230733 	 -0.144577 	 0.477849 	 -1.708302 	 0.151240 
-11.917509 	 47.056199 	 153.308893 	 -0.082610 	 0.329414 	 1.072280 	 -0.025478 	 0.632561 
12.805592 	 -12.026078 	 -3.449788 	 0.270193 	 -0.250699 	 -0.071840 	 -0.149836 	 0.070508 
30.009536 	 85.426414 	 -21.889261 	 0.195581 	 0.555112 	 -0.142051 	 -0.040932 	 0.183290 
19.457608 	 -7.983340 	 1.952643 	 -0.042959 	 0.017428 	 -0.004325 	 -0.134491 	 0.001084 
171.347868 	 -106.091019 	 -24.489167 	 1.222293 	 -0.755992 	 -0.174462 	 -0.021978 	 1.047980 
5.210747 	 0.696427 	 4.095297 	 0.282454 	 0.039494 	 0.218507 	 -0.345881 	 0.064543 
0.001665 	 -0.174382 	 -0.111712 	 0.799332 	 -0.954968 	 -0.708986 	 -3.935576 	 1.026779 
-0.123730 	 -0.038035 	 0.119912 	 0.227969 	 -0.107854 	 -1.673363 	 -4.559774 	 1.431873 
0.063220 	 0.145684 	 0.176578 	 0.270508 	 0.309492 	 0.311212 	 -2.905228 	 0.132906 
-19.495133 	 97.174022 	 -21.011064 	 -0.144927 	 0.726658 	 -0.156916 	 -0.037215 	 0.286829 
11.009230 	 -2.364106 	 -1.481783 	 -0.026252 	 0.005473 	 0.003460 	 -0.228275 	 0.000366 
20.845145 	 -105.404263 	 -37.546177 	 0.138849 	 -0.698261 	 -0.248726 	 -0.032018 	 0.284356 
39.134231 	 119.264051 	 39.754140 	 0.267303 	 0.812762 	 0.270927 	 -0.031367 	 0.402717 
4.005465 	 -0.825467 	 1.364707 	 -0.056801 	 0.010759 	 -0.019094 	 -0.480837 	 0.001853 
16.107754 	 -72.362005 	 -128.339498 	 0.112495 	 -0.501771 	 -0.890387 	 -0.026054 	 0.528609 
-7.237713 	 29.873355 	 65.534432 	 -0.045317 	 0.190096 	 0.416478 	 -0.048561 	 0.105822 
0.596977 	 -0.476998 	 1.697434 	 -0.209979 	 0.128652 	 -0.512789 	 -0.895644 	 0.161798 
-162.306790 	 -22.672594 	 -50.356222 	 -1.142861 	 -0.159419 	 -0.354686 	 -0.022590 	 0.728674 
-12.424558 	 88.947127 	 -16.389925 	 -0.077276 	 0.558227 	 -0.102701 	 -0.040471 	 0.164068 
-145.715498 	 -109.076918 	 80.791995 	 -1.038264 	 -0.777430 	 0.576203 	 -0.020199 	 1.007200 
-133.043135 	 -20.595291 	 11.942875 	 -0.910409 	 -0.140723 	 0.081906 	 -0.027050 	 0.427678 
-69.040409 	 58.834815 	 120.812829 	 -0.478864 	 0.409025 	 0.839352 	 -0.026017 	 0.550562 
230.158143 	 89.135240 	 -53.149091 	 1.660460 	 0.643104 	 -0.383143 	 -0.019543 	 1.658754 
271.056241 	 -81.030453 	 89.265235 	 1.966525 	 -0.587312 	 0.647496 	 -0.016072 	 2.315704 
0.052388 	 0.225783 	 -0.262136 	 -0.552276 	 -0.956275 	 0.859654 	 -2.799005 	 0.979238 
35.625806 	 9.302256 	 -23.300992 	 0.666173 	 0.174307 	 -0.434110 	 -0.077340 	 0.331311 
-55.980172 	 298.913310 	 115.268953 	 -0.406410 	 2.174498 	 0.838537 	 -0.013849 	 2.798378 
-0.122573 	 -0.043732 	 0.069108 	 -0.281746 	 0.050386 	 1.386848 	 -5.374843 	 1.002634 
11.574754 	 -1.331650 	 -1.278477 	 -0.333124 	 0.036644 	 0.035978 	 -0.223514 	 0.056804 
18.273945 	 -111.259493 	 29.941886 	 0.122436 	 -0.740867 	 0.199578 	 -0.031488 	 0.301853 
0.119157 	 0.583708 	 1.317371 	 0.166375 	 0.467873 	 0.990112 	 -1.120450 	 0.613454 
128.535722 	 115.765282 	 204.719487 	 0.929846 	 0.837117 	 1.479883 	 -0.017709 	 1.877716 
-0.100841 	 -0.047832 	 -0.021175 	 -1.469581 	 0.337091 	 1.436769 	 -12.368449 	 2.168802 
18.112482 	 7.231418 	 3.880384 	 0.076208 	 0.030447 	 0.016304 	 -0.143125 	 0.003500 
-90.187913 	 212.224385 	 -156.308895 	 -0.652422 	 1.537368 	 -1.131939 	 -0.015483 	 2.035220 
9.198093 	 -3.529151 	 5.131657 	 -0.026282 	 0.009838 	 -0.014546 	 -0.223748 	 0.000500 
6.718037 	 1.315845 	 -0.586294 	 0.857698 	 0.171299 	 -0.071558 	 -0.331193 	 0.385055 
64.372170 	 18.076656 	 20.048091 	 0.350567 	 0.098539 	 0.109095 	 -0.053853 	 0.072254 
-59.754179 	 -47.317054 	 -61.828362 	 -0.380623 	 -0.301633 	 -0.394420 	 -0.034767 	 0.195712 
181.001729 	 36.367808 	 105.022648 	 1.381664 	 0.277808 	 0.801348 	 -0.022122 	 1.314166 
-0.048200 	 -0.187270 	 -0.174524 	 -0.239139 	 0.590400 	 0.662207 	 -3.625322 	 0.422139 
-0.921350 	 3.712520 	 1.647047 	 -0.047913 	 0.220664 	 0.097677 	 -0.480386 	 0.030264 
-153.877671 	 25.642271 	 -126.286877 	 -1.096620 	 0.183200 	 -0.900486 	 -0.020345 	 1.023506 
-6.956920 	 41.987369 	 16.481280 	 -0.039595 	 0.242905 	 0.095340 	 -0.069629 	 0.034830 
93.581348 	 -76.112358 	 32.516227 	 0.694387 	 -0.563784 	 0.241131 	 -0.032580 	 0.429084 
0.325713 	 0.164505 	 -0.605661 	 -0.323464 	 -0.158709 	 0.441978 	 -1.818818 	 0.162581 
-29.228326 	 -267.752645 	 -114.132086 	 -0.211363 	 -1.942883 	 -0.828193 	 -0.014284 	 2.252686 
239.946505 	 -171.498507 	 -101.235716 	 1.743828 	 -1.245491 	 -0.735292 	 -0.014545 	 2.566418 
142.779045 	 49.224115 	 20.435423 	 0.992632 	 0.342291 	 0.142086 	 -0.029553 	 0.561335 
-3.193329 	 6.371505 	 5.743559 	 -0.029073 	 0.060422 	 0.054230 	 -0.254741 	 0.003718 
-34.824685 	 -125.924242 	 91.020312 	 -0.242880 	 -0.880572 	 0.636849 	 -0.023991 	 0.619987 
-3.691402 	 -132.715596 	 -30.062341 	 -0.024568 	 -0.908836 	 -0.205823 	 -0.027369 	 0.434475 
1.856436 	 -2.633928 	 1.523185 	 0.353721 	 -0.466529 	 0.277751 	 -0.532100 	 0.209957 
-78.258401 	 54.617261 	 153.688707 	 -0.552638 	 0.386541 	 1.086885 	 -0.022427 	 0.818071 
200.709969 	 67.481297 	 -169.985393 	 1.452513 	 0.488437 	 -1.229396 	 -0.017466 	 1.929890 
40.885395 	 48.535396 	 -91.184990 	 0.290976 	 0.344868 	 -0.647168 	 -0.035229 	 0.311214 
104.681935 	 40.051092 	 -45.930727 	 0.703049 	 0.269030 	 -0.308049 	 -0.034848 	 0.330775 
0.093857 	 -0.429773 	 0.175446 	 0.393176 	 -0.756811 	 0.380439 	 -2.237769 	 0.436042 
28.335005 	 -29.884694 	 -18.020029 	 0.087374 	 -0.091668 	 -0.055309 	 -0.071208 	 0.009548 
-0.271003 	 0.122150 	 0.085518 	 -0.682844 	 0.695522 	 0.422045 	 -3.270986 	 0.564075 
190.307580 	 47.675230 	 300.469580 	 1.388332 	 0.347950 	 2.190900 	 -0.013317 	 3.424288 
-0.075297 	 0.081253 	 -0.165923 	 -0.154513 	 -0.664833 	 0.772618 	 -4.298027 	 0.531408 
347.176782 	 -28.868848 	 -33.483313 	 2.530565 	 -0.210019 	 -0.243861 	 -0.013875 	 3.253669 
2.965611 	 4.364045 	 -3.417098 	 -0.211020 	 -0.303121 	 0.233655 	 -0.357649 	 0.095503 
-113.742866 	 -90.105245 	 -97.030398 	 -0.802346 	 -0.635862 	 -0.684969 	 -0.023123 	 0.758631 
42.119315 	 25.456066 	 104.055056 	 0.289368 	 0.174774 	 0.713216 	 -0.034632 	 0.311478 
0.758081 	 1.375373 	 0.771196 	 -0.011222 	 -0.018491 	 -0.010248 	 -0.967238 	 0.000286 
106.991597 	 51.624794 	 -61.902308 	 0.725844 	 0.350203 	 -0.419425 	 -0.031996 	 0.412705 
-0.225141 	 0.555314 	 -0.258972 	 0.214979 	 -1.078177 	 0.433175 	 -1.946022 	 0.698161 
0.510928 	 1.107143 	 0.420289 	 0.394149 	 0.738392 	 0.279825 	 -1.194297 	 0.389439 
110.481473 	 139.928224 	 -97.662440 	 0.832675 	 1.053959 	 -0.735233 	 -0.022176 	 1.172372 
188.153948 	 50.039199 	 344.119458 	 1.376099 	 0.366109 	 2.515501 	 -0.012044 	 4.177716 
68.505148 	 174.424798 	 195.271885 	 0.496222 	 1.261862 	 1.412422 	 -0.017237 	 1.916734 
0.232343 	 0.423844 	 -1.144227 	 0.171153 	 0.238764 	 -0.571762 	 -1.256213 	 0.206606 
43.330067 	 -21.567405 	 -23.545242 	 0.236219 	 -0.117038 	 -0.127957 	 -0.064305 	 0.042935 
5.047391 	 -60.446637 	 -78.798988 	 0.032998 	 -0.386814 	 -0.504538 	 -0.035529 	 0.202636 
-6.591018 	 43.801351 	 36.484758 	 -0.032015 	 0.216436 	 0.180174 	 -0.058507 	 0.040166 
21.390730 	 50.539412 	 -14.176529 	 0.164620 	 0.387402 	 -0.108437 	 -0.064851 	 0.094469 
-0.061099 	 -0.027341 	 0.014972 	 -0.337390 	 -0.149776 	 -0.245608 	 -6.158706 	 0.098294 
46.389153 	 24.312363 	 -73.653842 	 0.300303 	 0.157335 	 -0.475616 	 -0.041470 	 0.170573 
380.565802 	 211.304603 	 -120.917162 	 2.786775 	 1.547239 	 -0.885073 	 -0.010698 	 5.471710 
1.753437 	 7.308696 	 2.982871 	 0.060688 	 0.240190 	 0.097960 	 -0.291729 	 0.035485 
0.174680 	 -0.154103 	 0.805641 	 -0.002320 	 0.000889 	 -0.006822 	 -1.578192 	 0.000026 
78.685475 	 50.552106 	 78.878843 	 0.529698 	 0.340170 	 0.530406 	 -0.034179 	 0.338814 
-0.124841 	 -0.032741 	 0.253195 	 -0.018146 	 0.012962 	 0.248052 	 -3.228762 	 0.031014 
0.602696 	 -1.232101 	 0.067233 	 0.037146 	 -0.062206 	 0.004423 	 -1.116184 	 0.002634 
51.663615 	 -7.862448 	 37.681640 	 0.477216 	 -0.072046 	 0.347516 	 -0.055931 	 0.176847 
-0.031318 	 0.186678 	 -0.077907 	 0.297828 	 0.943056 	 -0.245790 	 -3.436174 	 0.519234 
0.078691 	 0.236016 	 -0.240401 	 -0.493605 	 -0.759838 	 0.599971 	 -2.761475 	 0.590482 
-209.209970 	 144.937565 	 -139.051916 	 -1.517223 	 1.051978 	 -1.008809 	 -0.014720 	 2.213159 
14.302949 	 -58.735216 	 -15.423813 	 0.071872 	 -0.292758 	 -0.076854 	 -0.051799 	 0.048390 
70.271415 	 425.821628 	 -33.405904 	 0.515023 	 3.116554 	 -0.244344 	 -0.010687 	 5.018932 
2.039850 	 -1.599393 	 -2.487753 	 0.478536 	 -0.346373 	 -0.551221 	 -0.525816 	 0.326408 
16.189903 	 44.899756 	 117.008723 	 0.151570 	 0.418078 	 1.088534 	 -0.031788 	 0.691335 
0.882098 	 2.035520 	 0.943482 	 0.116066 	 0.244835 	 0.112933 	 -0.765886 	 0.043084 
339.242125 	 246.029339 	 -211.513346 	 2.485533 	 1.802374 	 -1.549095 	 -0.010154 	 5.913060 
-0.104890 	 -0.046774 	 -0.016714 	 -0.574905 	 -0.276858 	 -1.027614 	 -38.826098 	 0.731578 
306.753282 	 -84.480791 	 -3.562337 	 2.230039 	 -0.613609 	 -0.025765 	 -0.014965 	 2.675126 
-1.722798 	 0.708145 	 11.369430 	 0.015026 	 -0.007013 	 -0.105764 	 -0.206687 	 0.005731 
-0.284545 	 0.483603 	 -0.752932 	 -0.147530 	 0.436052 	 -0.604919 	 -1.558911 	 0.288917 
-0.418697 	 0.104808 	 -0.036567 	 -0.610491 	 0.295236 	 -0.038013 	 -2.668960 	 0.230654 
3.234732 	 1.527615 	 -1.220191 	 -0.079647 	 -0.037548 	 0.028693 	 -0.533688 	 0.004288 
-0.158713 	 -0.104409 	 0.068512 	 -0.045323 	 -0.048624 	 0.072284 	 -4.683167 	 0.004822 
-0.151386 	 0.460091 	 -0.626182 	 -0.004439 	 0.048588 	 -0.058382 	 -1.779328 	 0.002894 
-0.071556 	 -0.076485 	 -0.144680 	 -0.112727 	 0.099634 	 0.429309 	 -4.676005 	 0.103470 
-0.193647 	 0.029352 	 -0.168740 	 0.944149 	 -0.812392 	 1.617042 	 -4.321953 	 2.083111 
65.240960 	 -15.928952 	 -31.062738 	 0.694553 	 -0.168808 	 -0.329980 	 -0.049987 	 0.309893 
-109.496692 	 -28.189130 	 -119.382163 	 -0.767524 	 -0.197454 	 -0.837501 	 -0.023835 	 0.664744 
-0.545143 	 2.145193 	 1.334341 	 0.084249 	 -0.419658 	 -0.258715 	 -0.715011 	 0.125072 
117.131730 	 151.184186 	 -35.570660 	 0.864320 	 1.114940 	 -0.262117 	 -0.023697 	 1.029423 
10.584544 	 3.493693 	 -10.158854 	 -0.042048 	 -0.013927 	 0.039893 	 -0.177880 	 0.001777 
-0.011878 	 0.816357 	 1.049377 	 -0.067112 	 -0.621631 	 -0.767960 	 -1.213984 	 0.490346 
0.989361 	 -0.000509 	 -0.762125 	 0.808111 	 0.034226 	 -0.550159 	 -1.218542 	 0.478445 
-0.064425 	 -0.121096 	 -0.081067 	 -0.646489 	 1.180693 	 1.018366 	 -5.001467 	 1.424526 
0.227849 	 0.647288 	 -0.193261 	 0.529799 	 1.104647 	 -0.280434 	 -1.798064 	 0.789787 
37.008317 	 51.314754 	 -65.560979 	 0.262865 	 0.363782 	 -0.464232 	 -0.041312 	 0.208474 
2.624214 	 -0.585640 	 0.326363 	 -0.744222 	 0.146914 	 -0.093639 	 -0.678007 	 0.292109 
0.034324 	 -0.284691 	 -0.422691 	 0.090164 	 -0.153832 	 -0.262383 	 -2.268365 	 0.050319 
0.847113 	 0.654769 	 1.266930 	 -0.247043 	 -0.182037 	 -0.333124 	 -0.985814 	 0.102570 
67.543109 	 -39.954312 	 -165.182337 	 0.478662 	 -0.282375 	 -1.168668 	 -0.022551 	 0.837319 
0.396739 	 -1.497277 	 -0.503219 	 0.017298 	 -0.049996 	 -0.016759 	 -0.978169 	 0.001540 
-0.350553 	 0.087835 	 -0.560131 	 0.155281 	 -0.085203 	 0.343536 	 -1.939808 	 0.074694 
38.088133 	 13.750816 	 19.722839 	 0.115580 	 0.041754 	 0.059737 	 -0.075542 	 0.009335 
0.294129 	 0.409746 	 -0.397147 	 -0.568374 	 -0.650110 	 0.541191 	 -1.886875 	 0.519290 
185.955963 	 -86.114776 	 -46.473285 	 1.329275 	 -0.614895 	 -0.331897 	 -0.021682 	 1.127612 
68.021470 	 145.041083 	 154.995264 	 0.488456 	 1.040257 	 1.111413 	 -0.020708 	 1.277982 
4.623892 	 3.066629 	 2.159334 	 0.312007 	 0.205421 	 0.143592 	 -0.374181 	 0.080082 
-0.026751 	 0.310971 	 0.638085 	 -0.177219 	 -0.809674 	 -1.482358 	 -1.732528 	 1.442182 
0.051536 	 0.209413 	 -2.242435 	 0.042161 	 0.068993 	 -0.599109 	 -0.765026 	 0.182735 
3.335217 	 1.004163 	 2.695221 	 0.004981 	 0.001522 	 0.003927 	 -0.474878 	 0.000021 
-0.339672 	 0.549293 	 0.734053 	 0.007091 	 -0.018020 	 -0.022703 	 -1.441734 	 0.000445 
226.077869 	 -82.517727 	 -237.460449 	 1.646426 	 -0.600320 	 -1.728393 	 -0.013602 	 3.029221 
-2.693587 	 15.348272 	 13.149476 	 -0.073886 	 0.439433 	 0.375820 	 -0.135455 	 0.169901 
-0.050403 	 -0.158963 	 0.014817 	 -0.986411 	 2.022692 	 -0.574783 	 -4.688948 	 2.697332 
0.407062 	 0.033961 	 0.874495 	 0.157197 	 0.024808 	 0.273652 	 -1.422827 	 0.050106 
0.856543 	 4.545885 	 5.976101 	 -0.007379 	 -0.035244 	 -0.045991 	 -0.306745 	 0.001706 
123.112442 	 -191.879532 	 -77.004739 	 0.888925 	 -1.383933 	 -0.555410 	 -0.017687 	 1.506969 
-0.676116 	 1.566931 	 -0.137099 	 -0.337281 	 0.953169 	 -0.070912 	 -0.981480 	 0.513659 
290.196988 	 126.855232 	 -87.136787 	 2.113680 	 0.923970 	 -0.634316 	 -0.014923 	 2.861860 
-141.987049 	 -109.032320 	 85.369230 	 -1.011339 	 -0.776852 	 0.608636 	 -0.020276 	 0.998372 
10.199825 	 28.722876 	 -2.367283 	 0.184354 	 0.514690 	 -0.042046 	 -0.099455 	 0.150330 
0.029865 	 -0.114632 	 -0.034883 	 -1.314329 	 0.660103 	 0.173811 	 -4.285878 	 1.096703 
-0.089249 	 -0.047346 	 -0.024859 	 -0.431068 	 0.013189 	 0.213053 	 -8.892513 	 0.115693 
93.062051 	 89.706232 	 3.706116 	 0.633076 	 0.609877 	 0.025299 	 -0.033365 	 0.386688 
173.248637 	 49.545504 	 -170.097705 	 1.252259 	 0.358241 	 -1.228615 	 -0.018743 	 1.602992 
-0.004439 	 70.581580 	 -18.324972 	 0.000609 	 0.427606 	 -0.110842 	 -0.048579 	 0.097567 
-0.044359 	 0.047652 	 0.070955 	 -0.045976 	 -0.071572 	 -0.066634 	 -4.339469 	 0.005838 
85.587971 	 -0.940970 	 40.121865 	 0.539685 	 -0.005631 	 0.252790 	 -0.043096 	 0.177597 
6.641882 	 -10.100444 	 6.844806 	 0.247683 	 -0.369071 	 0.251901 	 -0.179310 	 0.130507 
2.164341 	 0.943952 	 0.210299 	 0.619754 	 0.270581 	 0.062084 	 -0.755154 	 0.230582 
-0.042564 	 -0.074837 	 -0.005965 	 -1.017495 	 0.455368 	 -0.180251 	 -5.791487 	 0.637573 
2.020129 	 -3.250321 	 -0.002900 	 -0.420323 	 0.633581 	 -0.002796 	 -0.494856 	 0.289052 
-0.284390 	 1.514133 	 -1.469386 	 0.021141 	 -0.184033 	 0.171224 	 -0.832365 	 0.031816 
0.056231 	 0.037562 	 -0.596784 	 0.388661 	 0.203420 	 -1.396905 	 -2.052951 	 1.071890 
4.166922 	 3.112759 	 7.011015 	 0.145498 	 0.107612 	 0.239366 	 -0.276254 	 0.045023 
-0.015864 	 0.702534 	 0.256863 	 -0.081260 	 -0.682620 	 -0.249495 	 -1.707587 	 0.267410 
1.595597 	 1.809594 	 3.659865 	 -0.170977 	 -0.186639 	 -0.369657 	 -0.466977 	 0.100357 
58.219725 	 -25.417531 	 -48.915335 	 0.344038 	 -0.149653 	 -0.288434 	 -0.046658 	 0.111976 
0.375073 	 0.172210 	 -0.898777 	 0.149715 	 0.068309 	 -0.274937 	 -1.471757 	 0.051336 
74.294108 	 199.932091 	 -81.662680 	 0.535315 	 1.438885 	 -0.587455 	 -0.020102 	 1.351027 
239.457913 	 21.836344 	 79.619070 	 1.926206 	 0.175952 	 0.640314 	 -0.019209 	 2.075616 
-0.085313 	 -0.017787 	 0.032074 	 -0.415484 	 -0.611359 	 -1.032682 	 -6.098225 	 0.806409 
5.771595 	 1.265393 	 4.597176 	 0.786284 	 0.175577 	 0.617371 	 -0.317043 	 0.515108 
112.322062 	 -45.864878 	 -210.431111 	 0.811583 	 -0.330749 	 -1.518926 	 -0.017927 	 1.537598 
-4.749663 	 49.986135 	 -133.271730 	 -0.032036 	 0.345106 	 -0.919133 	 -0.027401 	 0.482465 
-0.095587 	 -0.106504 	 -0.035719 	 0.016053 	 -0.100933 	 -0.031613 	 -5.793999 	 0.005722 
6.745410 	 7.707219 	 -1.062190 	 0.047021 	 0.053224 	 -0.007174 	 -0.242683 	 0.002548 
40.036589 	 -33.066632 	 15.164733 	 0.172619 	 -0.141993 	 0.065285 	 -0.062829 	 0.027111 
-0.046464 	 0.147250 	 -0.197081 	 0.361206 	 1.196326 	 -1.109612 	 -3.479277 	 1.396452 
66.466486 	 29.520380 	 25.935247 	 0.531075 	 0.235873 	 0.207034 	 -0.049672 	 0.190270 
-161.449410 	 -69.222559 	 -99.121487 	 -1.151439 	 -0.493675 	 -0.707262 	 -0.019804 	 1.034873 
11.336753 	 4.016790 	 -10.831609 	 0.209640 	 0.074455 	 -0.198148 	 -0.168829 	 0.044378 
39.747922 	 170.355963 	 -3.257775 	 0.367719 	 1.572289 	 -0.029902 	 -0.024982 	 1.304102 
-0.024099 	 -0.071559 	 -0.058515 	 -0.193387 	 0.058982 	 0.099056 	 -5.253248 	 0.025345 
0.656949 	 0.073600 	 2.432779 	 0.045704 	 0.007225 	 0.146933 	 -0.710498 	 0.011865 
-0.143241 	 1.015327 	 1.496753 	 0.022246 	 -0.619064 	 -0.882267 	 -0.947192 	 0.581065 
-0.359696 	 -0.072529 	 0.100968 	 -0.339478 	 -0.034221 	 0.157333 	 -2.910365 	 0.070585 
-0.106366 	 -0.039633 	 -0.013055 	 0.165226 	 -0.923281 	 -0.508824 	 -10.043891 	 0.569325 
1.781065 	 -0.650741 	 -0.129941 	 0.750325 	 -0.240229 	 -0.044914 	 -0.877750 	 0.311358 
-0.012530 	 0.055636 	 -0.295514 	 0.390803 	 0.432843 	 -1.175993 	 -3.182791 	 0.861520 
0.161157 	 2.034566 	 -0.403490 	 -0.002646 	 -0.020688 	 0.003841 	 -0.852722 	 0.000225 
-0.110395 	 6.204903 	 -0.433668 	 -0.000297 	 0.349429 	 -0.023287 	 -0.355144 	 0.061321 
-81.744217 	 131.156055 	 -94.275337 	 -0.577355 	 0.927872 	 -0.666598 	 -0.022217 	 0.819319 
1.098979 	 -0.639496 	 0.116164 	 -0.039038 	 0.019215 	 -0.004319 	 -1.167329 	 0.000956 
50.606470 	 -60.739597 	 -78.069963 	 0.334773 	 -0.400665 	 -0.515268 	 -0.033751 	 0.269053 
6.734574 	 -223.938058 	 1.592950 	 0.049081 	 -1.606620 	 0.011553 	 -0.018240 	 1.291885 
-94.282046 	 -146.424760 	 35.574712 	 -0.665408 	 -1.034234 	 0.251474 	 -0.021579 	 0.787823 
-106.413016 	 -26.865568 	 -142.208486 	 -0.751897 	 -0.189684 	 -1.005695 	 -0.022383 	 0.806376 
-0.017651 	 -0.093974 	 -0.190093 	 -0.987726 	 0.532299 	 1.955250 	 -3.940729 	 2.540973 
185.556482 	 101.604818 	 39.735942 	 1.389599 	 0.760820 	 0.297534 	 -0.022719 	 1.299180 
90.668318 	 25.324298 	 268.062472 	 0.659191 	 0.184244 	 1.946777 	 -0.016076 	 2.129209 
161.438829 	 -6.544761 	 -43.832795 	 1.917049 	 -0.077111 	 -0.519964 	 -0.027145 	 1.975693 
51.093192 	 -32.954040 	 13.256457 	 0.559409 	 -0.359555 	 0.145031 	 -0.056960 	 0.231626 
204.361184 	 -243.638420 	 114.159499 	 1.488442 	 -1.773260 	 0.831165 	 -0.013375 	 3.025373 
233.911747 	 22.744316 	 -24.785737 	 2.028248 	 0.197534 	 -0.214673 	 -0.020685 	 2.099447 
0.914764 	 1.477233 	 -1.921662 	 0.429093 	 0.641258 	 -0.801364 	 -0.721950 	 0.618758 
0.409001 	 -0.981321 	 -0.554231 	 0.567851 	 -1.032215 	 -0.593388 	 -1.222981 	 0.870016 
-68.438884 	 -24.685676 	 -25.827556 	 -0.395954 	 -0.142767 	 -0.149557 	 -0.041478 	 0.099764 
21.058743 	 49.886332 	 -13.551875 	 0.128210 	 0.302494 	 -0.081994 	 -0.065589 	 0.057332 
3.335174 	 6.138569 	 -21.926548 	 0.047078 	 0.084645 	 -0.299822 	 -0.117851 	 0.049637 
0.736238 	 0.993336 	 -2.161461 	 0.017779 	 0.021981 	 -0.045316 	 -0.736720 	 0.001426 
-0.211911 	 0.030231 	 0.078484 	 0.816006 	 -0.588812 	 -0.729575 	 -4.223708 	 0.772423 
-1.772530 	 11.264685 	 8.307922 	 -0.054256 	 0.368057 	 0.270879 	 -0.183657 	 0.105893 
122.112700 	 -102.055099 	 20.898252 	 1.177338 	 -0.982657 	 0.201479 	 -0.026721 	 1.196167 
17.630884 	 -9.977939 	 8.441114 	 -0.025064 	 0.014035 	 -0.011953 	 -0.129948 	 0.000484 
0.755546 	 -0.051500 	 0.766191 	 -0.337685 	 0.001820 	 -0.307319 	 -1.302900 	 0.104240 
-0.054347 	 -0.965214 	 -0.268819 	 0.017122 	 -0.309989 	 -0.084988 	 -1.351920 	 0.051805 
-114.172382 	 193.197628 	 -28.306305 	 -0.818837 	 1.387213 	 -0.203076 	 -0.018498 	 1.318047 
-0.962382 	 2.007968 	 -0.670159 	 0.016835 	 -0.040351 	 0.012825 	 -0.766057 	 0.001038 
5.852903 	 36.136846 	 -34.433550 	 0.022991 	 0.139630 	 -0.132810 	 -0.065739 	 0.018832 
39.495041 	 7.448811 	 34.382639 	 0.272671 	 0.051612 	 0.236862 	 -0.065852 	 0.066558 
5.855534 	 39.296070 	 -37.960508 	 0.037691 	 0.248778 	 -0.239929 	 -0.061289 	 0.060439 
-0.199106 	 0.020708 	 -0.033465 	 -0.472007 	 0.339169 	 -0.082451 	 -4.877849 	 0.172312 
33.043415 	 19.531704 	 -3.371341 	 0.149440 	 0.088264 	 -0.015122 	 -0.084610 	 0.015176 
0.071130 	 -0.271608 	 0.344597 	 -0.088996 	 0.113514 	 -0.182654 	 -2.315082 	 0.027084 
158.291198 	 -56.310892 	 -2.652376 	 1.144590 	 -0.406571 	 -0.019043 	 -0.026618 	 0.737874 
26.506704 	 10.918134 	 -7.182011 	 -0.047234 	 -0.019462 	 0.012717 	 -0.104847 	 0.001386 
4.699666 	 7.561634 	 -3.278716 	 0.120753 	 0.191217 	 -0.081972 	 -0.256207 	 0.028932 
0.261661 	 0.064254 	 0.283646 	 -0.183364 	 -0.055557 	 -0.150340 	 -2.283064 	 0.029656 
128.637112 	 108.577226 	 55.563725 	 0.931977 	 0.786341 	 0.402355 	 -0.025984 	 0.824401 
-43.230236 	 -145.905869 	 -61.871884 	 -0.302497 	 -1.023114 	 -0.433875 	 -0.023251 	 0.663257 
-0.178264 	 1.791196 	 0.664810 	 -0.024543 	 0.616335 	 0.228637 	 -0.906164 	 0.216373 
6.211239 	 7.950578 	 -35.707564 	 0.115458 	 0.146187 	 -0.652397 	 -0.080599 	 0.230161 
-0.115124 	 -0.074641 	 0.020818 	 0.299406 	 0.827479 	 -1.127640 	 -6.164174 	 1.022969 
-2.201870 	 11.674868 	 -5.378669 	 -0.027688 	 0.154787 	 -0.070801 	 -0.188916 	 0.014869 
22.323220 	 16.910313 	 33.158290 	 0.223594 	 0.169051 	 0.330735 	 -0.077528 	 0.093979 
-172.890417 	 300.106600 	 -21.350577 	 -1.259037 	 2.187131 	 -0.155451 	 -0.012600 	 3.196441 
30.335343 	 -3.346874 	 13.014315 	 0.690496 	 -0.074856 	 0.295597 	 -0.095698 	 0.284883 
91.716196 	 -38.848747 	 -0.146735 	 0.604967 	 -0.255647 	 -0.000855 	 -0.039912 	 0.215670 
-199.223788 	 208.305630 	 59.669380 	 -1.444869 	 1.511873 	 0.433104 	 -0.014539 	 2.280493 
-42.179164 	 112.763601 	 224.691564 	 -0.303628 	 0.814097 	 1.621611 	 -0.017231 	 1.692283 
0.983503 	 2.703646 	 -3.800706 	 0.107758 	 0.272271 	 -0.374543 	 -0.443761 	 0.113013 
5.863719 	 5.005393 	 8.754975 	 0.362613 	 0.306932 	 0.532913 	 -0.217782 	 0.254846 
-0.300253 	 0.069790 	 -0.002704 	 -1.173688 	 0.701466 	 0.086197 	 -3.454575 	 0.938514 
-4.337101 	 34.901462 	 -34.282412 	 -0.028749 	 0.237412 	 -0.232772 	 -0.064867 	 0.055687 
0.004994 	 -0.253734 	 0.408098 	 -0.027869 	 0.052380 	 -0.107645 	 -2.222452 	 0.007554 
40.837969 	 64.923675 	 -85.423136 	 0.281507 	 0.446709 	 -0.587215 	 -0.034397 	 0.311808 
63.039923 	 172.618056 	 -30.308910 	 0.491882 	 1.345013 	 -0.235965 	 -0.023812 	 1.053343 
-1.079235 	 7.980535 	 4.631675 	 -0.023957 	 0.197417 	 0.114325 	 -0.258630 	 0.026309 
88.018018 	 102.607066 	 -3.665121 	 0.602584 	 0.701945 	 -0.024946 	 -0.032048 	 0.428228 
145.817292 	 -86.012931 	 -29.116914 	 1.026900 	 -0.604969 	 -0.204785 	 -0.025334 	 0.731224 
54.253200 	 146.725874 	 163.317147 	 0.391133 	 1.056097 	 1.175264 	 -0.020304 	 1.324785 
2.833314 	 0.168031 	 -0.237179 	 -0.575130 	 -0.042061 	 0.043088 	 -0.654536 	 0.167200 
1.898469 	 26.717085 	 9.729396 	 0.036286 	 0.484722 	 0.176518 	 -0.106094 	 0.133715 
-0.009245 	 0.455708 	 -0.674703 	 0.120789 	 0.633480 	 -0.828974 	 -1.724009 	 0.551543 
9.014412 	 29.910148 	 16.199998 	 0.015930 	 0.052328 	 0.028327 	 -0.090004 	 0.001897 
-0.552345 	 1.077072 	 -0.757853 	 -0.098859 	 0.248418 	 -0.163739 	 -1.113918 	 0.049148 
36.910094 	 -188.932924 	 69.379208 	 0.264107 	 -1.347719 	 0.495149 	 -0.019949 	 1.065636 
0.825330 	 0.063653 	 1.858849 	 0.350443 	 0.041626 	 0.706567 	 -0.849748 	 0.311890 
-0.056407 	 0.917887 	 1.002234 	 -0.001642 	 -0.032547 	 -0.034387 	 -1.193056 	 0.001122 
-80.249547 	 122.961691 	 -197.591822 	 -0.577723 	 0.886709 	 -1.424221 	 -0.017198 	 1.574211 
-212.531763 	 117.666254 	 8.900280 	 -1.530962 	 0.848360 	 0.064267 	 -0.016897 	 1.533845 
-0.101414 	 -0.052082 	 -0.032629 	 0.172475 	 -0.246118 	 -0.735074 	 -9.655526 	 0.315328 
0.013565 	 -0.941556 	 7.842569 	 0.008067 	 -0.060838 	 0.534442 	 -0.280551 	 0.144697 
187.200462 	 -69.898338 	 -45.291273 	 1.463989 	 -0.545962 	 -0.353866 	 -0.022338 	 1.283280 
15.000381 	 35.084562 	 -3.112349 	 0.021937 	 0.051019 	 -0.004495 	 -0.083124 	 0.001552 
180.273170 	 148.479351 	 60.239052 	 1.298213 	 1.068969 	 0.433673 	 -0.020621 	 1.508062 
35.212630 	 10.162979 	 16.018069 	 0.326393 	 0.094355 	 0.148190 	 -0.082807 	 0.068698 
212.695828 	 49.686122 	 -77.262898 	 1.528620 	 0.357249 	 -0.554883 	 -0.020863 	 1.386100 
-157.810189 	 214.298063 	 88.414539 	 -1.142465 	 1.552782 	 0.640626 	 -0.015364 	 2.063380 
67.533785 	 62.753711 	 162.071290 	 0.573444 	 0.532425 	 1.374189 	 -0.023603 	 1.250354 
-121.924562 	 52.921454 	 -114.110542 	 -0.859534 	 0.373734 	 -0.805021 	 -0.022566 	 0.763267 
0.118711 	 -0.034526 	 -1.267055 	 0.149392 	 0.008235 	 -0.834482 	 -1.202890 	 0.359373 
0.046050 	 -0.358116 	 -0.955453 	 -0.099983 	 0.205928 	 0.620862 	 -1.386457 	 0.218936 
205.069019 	 -4.675408 	 -150.107331 	 1.483084 	 -0.033457 	 -1.084915 	 -0.018647 	 1.688850 
42.886362 	 26.751165 	 37.141500 	 0.213259 	 0.132932 	 0.184325 	 -0.057615 	 0.048563 
0.035986 	 -0.153698 	 -0.103634 	 -1.091386 	 0.826607 	 0.670000 	 -3.894611 	 1.161651 
-137.451528 	 -106.493219 	 14.186339 	 -0.969162 	 -0.751121 	 0.100224 	 -0.021784 	 0.756751 
5.257453 	 93.219499 	 -44.348584 	 0.034883 	 0.606687 	 -0.288372 	 -0.037043 	 0.226222 
210.284935 	 33.443600 	 -163.772059 	 1.520878 	 0.242098 	 -1.183760 	 -0.017751 	 1.886485 
-0.408377 	 0.213838 	 -0.694990 	 0.041486 	 -0.035658 	 0.092730 	 -1.692898 	 0.005796 
37.161171 	 295.499892 	 -102.481538 	 0.270790 	 2.147547 	 -0.744543 	 -0.014407 	 2.619815 
259.229265 	 48.426994 	 339.323438 	 1.896919 	 0.354565 	 2.482130 	 -0.011131 	 4.942494 
-0.163325 	 -0.006680 	 -0.052862 	 -0.230779 	 0.159188 	 -0.141919 	 -5.865309 	 0.049370 
132.961046 	 -118.231632 	 166.105427 	 0.961126 	 -0.853639 	 1.199889 	 -0.018095 	 1.546098 
119.471042 	 -82.094016 	 59.174992 	 0.836417 	 -0.573907 	 0.414039 	 -0.027209 	 0.600196 
2.973165 	 0.454686 	 1.147457 	 -0.246463 	 -0.040157 	 -0.093237 	 -0.602261 	 0.035525 
0.670362 	 0.047556 	 0.130568 	 0.453860 	 0.055262 	 0.086394 	 -1.684976 	 0.108253 
107.691528 	 0.812727 	 -109.947054 	 1.158450 	 0.009238 	 -1.181377 	 -0.027655 	 1.368872 
-0.047974 	 -0.062989 	 0.191688 	 -0.225473 	 0.063683 	 -0.824226 	 -3.570408 	 0.367121 
3.019319 	 1.066106 	 1.950089 	 -0.307069 	 -0.109384 	 -0.193331 	 -0.539183 	 0.071816 
3.218182 	 2.807224 	 5.224311 	 -0.195742 	 -0.168107 	 -0.308719 	 -0.342928 	 0.080941 
204.380082 	 -18.815602 	 -230.301582 	 1.485036 	 -0.136305 	 -1.672399 	 -0.015007 	 2.510416 
50.670822 	 -21.846373 	 21.465273 	 0.322514 	 -0.138464 	 0.136450 	 -0.059778 	 0.070903 
254.437789 	 52.042604 	 -97.512187 	 1.842038 	 0.376953 	 -0.705539 	 -0.017609 	 2.016492 
79.396946 	 -75.899973 	 36.099976 	 0.555883 	 -0.530370 	 0.252532 	 -0.034256 	 0.327035 
7.504287 	 73.863841 	 77.699977 	 0.118986 	 1.155723 	 1.215241 	 -0.035988 	 1.413331 
9.788162 	 -7.869541 	 -1.011984 	 0.432872 	 -0.342276 	 -0.043533 	 -0.199495 	 0.153213 
215.132057 	 218.952870 	 353.269666 	 1.575974 	 1.603524 	 2.586778 	 -0.010129 	 5.873202 
0.440898 	 8.721860 	 7.900368 	 0.013426 	 0.215625 	 0.194691 	 -0.214990 	 0.042289 
0.047547 	 0.436603 	 0.198144 	 0.092037 	 0.291554 	 0.129766 	 -2.167129 	 0.055157 
42.153345 	 -6.437339 	 21.657725 	 0.482850 	 -0.073018 	 0.247659 	 -0.071147 	 0.149905 
-0.154330 	 -0.028142 	 -0.243934 	 -0.139345 	 0.052955 	 -0.641863 	 -3.829445 	 0.217105 
1.320429 	 1.822385 	 1.525273 	 0.417543 	 0.547520 	 0.451758 	 -0.705843 	 0.339103 
16.158842 	 22.615837 	 23.224939 	 0.037104 	 0.051702 	 0.053024 	 -0.088261 	 0.003431 
6.352735 	 91.454664 	 -62.631526 	 0.042797 	 0.606398 	 -0.414958 	 -0.035178 	 0.270870 
56.442438 	 -105.752476 	 112.492153 	 0.396345 	 -0.740897 	 0.788584 	 -0.024603 	 0.663941 
8.879759 	 -6.808314 	 -3.705881 	 0.356248 	 -0.268091 	 -0.146262 	 -0.209455 	 0.110089 
-0.143017 	 0.055114 	 0.045570 	 0.212565 	 -0.571261 	 -0.350729 	 -4.737439 	 0.247267 
0.298101 	 -1.277433 	 0.369991 	 0.102480 	 -0.312789 	 0.098376 	 -1.082206 	 0.059009 
4.100824 	 1.540399 	 -1.574231 	 0.444405 	 0.167714 	 -0.164537 	 -0.450680 	 0.126348 
-130.018662 	 -18.853320 	 -17.795885 	 -0.887056 	 -0.128411 	 -0.121395 	 -0.027677 	 0.409047 
302.934439 	 -44.450256 	 63.750224 	 2.204040 	 -0.322951 	 0.463786 	 -0.015431 	 2.588593 
91.019267 	 199.220622 	 149.233051 	 0.658398 	 1.439761 	 1.078372 	 -0.017722 	 1.834643 
0.207365 	 1.077053 	 -0.570225 	 -0.103242 	 -0.371386 	 0.182795 	 -1.305964 	 0.091000 
0.832636 	 0.099688 	 -0.699337 	 0.376253 	 0.058803 	 -0.273770 	 -1.336578 	 0.109987 
-0.104152 	 -0.010043 	 -0.045008 	 0.007922 	 0.317023 	 -0.240823 	 -6.733012 	 0.079281 
-52.942978 	 -9.941165 	 -108.056829 	 -0.354632 	 -0.066407 	 -0.725129 	 -0.030335 	 0.327993 
1.294094 	 1.552096 	 -3.931672 	 0.016661 	 0.019040 	 -0.046615 	 -0.466754 	 0.001407 
325.682254 	 187.024453 	 64.015762 	 2.379192 	 1.366163 	 0.467625 	 -0.012873 	 3.872815 
-0.113286 	 -0.021849 	 -0.023733 	 0.229223 	 -0.698016 	 0.186817 	 -7.710873 	 0.287335 
0.987691 	 -0.465026 	 1.282661 	 0.078088 	 -0.029882 	 0.092876 	 -0.979853 	 0.007808 
-128.384287 	 -69.792297 	 -111.939148 	 -0.909425 	 -0.494455 	 -0.793463 	 -0.021595 	 0.850561 
-0.248023 	 0.715867 	 0.174346 	 0.256548 	 -1.368838 	 -0.343469 	 -1.693813 	 1.028752 
-0.149739 	 0.065691 	 -0.224258 	 0.105527 	 -0.265911 	 0.489564 	 -3.799643 	 0.160759 
-85.703271 	 -10.353997 	 84.185036 	 -0.574367 	 -0.069161 	 0.564999 	 -0.029716 	 0.326952 
0.202295 	 0.013440 	 -0.038236 	 1.442156 	 0.282935 	 -0.099459 	 -2.964533 	 1.084878 
-6.382911 	 90.078114 	 9.462873 	 -0.042529 	 0.610548 	 0.064221 	 -0.040540 	 0.189351 
10.724804 	 -1.730273 	 -2.569410 	 0.977944 	 -0.152013 	 -0.230481 	 -0.229699 	 0.516302 
0.926290 	 -2.321155 	 1.749523 	 -0.199887 	 0.440779 	 -0.342376 	 -0.590669 	 0.175731 
-1.950986 	 3.047015 	 6.957187 	 -0.041427 	 0.069434 	 0.156518 	 -0.290110 	 0.015517 
4.654925 	 0.191875 	 22.845362 	 -0.010259 	 -0.000515 	 -0.049275 	 -0.120449 	 0.001267 
-0.050503 	 -0.211895 	 0.130137 	 0.151464 	 -0.458073 	 0.408506 	 -3.442535 	 0.199825 
0.593108 	 3.137946 	 0.082774 	 0.092815 	 0.423384 	 0.013269 	 -0.607614 	 0.094023 
-0.370506 	 0.010941 	 0.694451 	 -0.304469 	 0.066303 	 0.816123 	 -1.629329 	 0.381577 
96.762507 	 -9.755423 	 -4.477432 	 0.746171 	 -0.074785 	 -0.034358 	 -0.041255 	 0.281772 
-162.574280 	 144.116937 	 -51.182195 	 -1.165925 	 1.034561 	 -0.367176 	 -0.018381 	 1.282258 
-1.410905 	 7.894800 	 38.020520 	 -0.019279 	 0.117250 	 0.561583 	 -0.078605 	 0.164747 
-0.614347 	 3.284556 	 -1.618578 	 -0.070158 	 0.458941 	 -0.220630 	 -0.532218 	 0.132113 
0.998429 	 0.833311 	 -0.932444 	 -0.087231 	 -0.069577 	 0.072362 	 -1.042386 	 0.008843 
0.641341 	 -1.151189 	 1.205849 	 0.414471 	 -0.613216 	 0.679050 	 -0.906533 	 0.504464 
90.192723 	 36.854832 	 -34.533611 	 0.580513 	 0.237236 	 -0.221902 	 -0.039167 	 0.221258 
-118.660896 	 -51.003702 	 -174.553786 	 -0.849496 	 -0.365125 	 -1.250621 	 -0.019033 	 1.209506 
0.138268 	 -0.094954 	 0.101416 	 -0.648560 	 0.128178 	 -0.315711 	 -3.196537 	 0.268367 
-0.441564 	 0.469340 	 -0.177833 	 0.740464 	 -1.135926 	 0.353836 	 -1.903910 	 0.981908 
20.542474 	 45.658147 	 19.900255 	 0.180014 	 0.398476 	 0.173647 	 -0.063378 	 0.110671 
264.666529 	 266.943137 	 82.303283 	 1.933979 	 1.950183 	 0.601295 	 -0.012592 	 3.952524 
-164.516039 	 -28.085680 	 -87.617031 	 -1.168145 	 -0.199217 	 -0.622401 	 -0.021031 	 0.895816 
15.201599 	 21.649871 	 -27.229716 	 0.087613 	 0.124189 	 -0.155761 	 -0.082439 	 0.023680 
0.254579 	 3.807543 	 -0.908544 	 -0.038257 	 -0.410002 	 0.094831 	 -0.517943 	 0.089279 
2.112652 	 4.675389 	 -0.667442 	 -0.135481 	 -0.288482 	 0.039733 	 -0.417794 	 0.051578 
52.683335 	 -57.798761 	 64.224741 	 0.363646 	 -0.397838 	 0.442545 	 -0.037174 	 0.243180 
0.529866 	 -1.664191 	 -0.437257 	 0.141568 	 -0.360605 	 -0.093693 	 -0.913632 	 0.079428 
16.473292 	 -18.738123 	 10.806315 	 0.082823 	 -0.093378 	 0.054072 	 -0.106989 	 0.009251 
-0.177726 	 -0.014452 	 0.076772 	 1.274684 	 -0.568616 	 -1.645875 	 -4.957239 	 2.328524 
-0.164379 	 0.287271 	 0.035947 	 -0.329588 	 1.856905 	 0.294463 	 -2.831782 	 1.821716 
-177.246525 	 30.260090 	 -59.799314 	 -1.258544 	 0.215323 	 -0.424738 	 -0.020982 	 0.905350 
1.858687 	 -0.495769 	 -5.212202 	 -0.175974 	 0.040227 	 0.465542 	 -0.373119 	 0.124657 
0.306841 	 6.498929 	 -1.680490 	 0.050426 	 0.801335 	 -0.203639 	 -0.334521 	 0.343075 
-19.502449 	 19.462797 	 4.313462 	 0.054436 	 -0.054751 	 -0.012153 	 -0.097051 	 0.003054 
-74.533011 	 130.871520 	 185.158299 	 -0.535655 	 0.942215 	 1.332700 	 -0.018046 	 1.475392 
147.524671 	 154.118934 	 15.280681 	 1.055728 	 1.102468 	 0.109397 	 -0.022526 	 1.170983 
-1.221601 	 3.721436 	 6.175688 	 -0.006447 	 0.021759 	 0.035758 	 -0.309622 	 0.000897 
103.733087 	 111.567916 	 -30.835193 	 0.718033 	 0.771808 	 -0.213105 	 -0.028868 	 0.578336 
-0.342877 	 5.093471 	 1.742805 	 0.014403 	 -0.311331 	 -0.106587 	 -0.395538 	 0.054248 
23.866143 	 -5.635832 	 -5.877268 	 0.170513 	 -0.039756 	 -0.041685 	 -0.118133 	 0.016196 
7.761378 	 -14.832382 	 5.602291 	 0.210293 	 -0.395260 	 0.150221 	 -0.146413 	 0.111510 
111.311263 	 33.645523 	 -0.114159 	 0.741046 	 0.224093 	 -0.000646 	 -0.037060 	 0.299684 
0.315791 	 -0.067859 	 -0.275188 	 -0.686235 	 0.034236 	 0.420924 	 -2.318878 	 0.324634 
12.081334 	 -29.962706 	 17.805849 	 0.075756 	 -0.185969 	 0.110794 	 -0.080411 	 0.026299 
0.744101 	 4.220519 	 -3.142841 	 0.047986 	 0.241148 	 -0.176638 	 -0.407771 	 0.045828 
3.048977 	 4.402625 	 -2.121634 	 0.025761 	 0.036341 	 -0.017189 	 -0.384740 	 0.001140 
0.242822 	 -0.447644 	 -0.039158 	 0.263601 	 -0.303674 	 -0.016760 	 -2.146433 	 0.080992 
15.418991 	 -8.352538 	 11.758185 	 0.124065 	 -0.066377 	 0.094105 	 -0.133619 	 0.014327 
0.775965 	 1.399876 	 -3.367022 	 -0.074931 	 -0.123043 	 0.284912 	 -0.534869 	 0.050965 
-0.146921 	 -0.248941 	 -0.192114 	 -0.246616 	 -1.190864 	 -1.031727 	 -3.106391 	 1.271720 
31.475456 	 149.286059 	 3.979426 	 0.228338 	 1.079729 	 0.028896 	 -0.027868 	 0.609394 
203.210621 	 148.906476 	 15.885242 	 1.548697 	 1.134608 	 0.121131 	 -0.020133 	 1.850236 
0.722515 	 -1.099604 	 -0.021889 	 -0.101930 	 0.129661 	 0.000597 	 -1.158837 	 0.013601 
31.935340 	 13.238637 	 70.229653 	 0.259786 	 0.107720 	 0.569564 	 -0.046973 	 0.201748 
0.686658 	 -0.494896 	 0.321373 	 -0.200376 	 0.113392 	 -0.085647 	 -1.448113 	 0.030172 
12.969288 	 -1.265110 	 -13.227151 	 0.240617 	 -0.022420 	 -0.243116 	 -0.147757 	 0.058752 
116.152719 	 276.547003 	 -29.505845 	 0.843587 	 2.007014 	 -0.213976 	 -0.015600 	 2.392765 
-43.870344 	 -7.564400 	 42.651125 	 -0.216076 	 -0.037115 	 0.210659 	 -0.050466 	 0.046222 
30.246368 	 -34.947135 	 -6.421562 	 0.116624 	 -0.134103 	 -0.024609 	 -0.069120 	 0.016095 
-0.051199 	 -0.074257 	 0.069099 	 1.146001 	 -0.582750 	 1.832343 	 -5.016377 	 2.505199 
1.484960 	 9.631044 	 -3.210849 	 -0.049416 	 -0.300777 	 0.099260 	 -0.236348 	 0.051381 
-0.386801 	 0.919352 	 0.599272 	 0.041675 	 -0.142928 	 -0.091168 	 -1.285749 	 0.015238 
0.594381 	 2.740909 	 13.942806 	 0.012972 	 0.051702 	 0.258898 	 -0.178140 	 0.034935 
0.349189 	 -0.816086 	 0.713485 	 -0.301811 	 0.511072 	 -0.485359 	 -1.233899 	 0.293929 
0.295238 	 -2.588962 	 5.138124 	 0.001321 	 -0.008386 	 0.017006 	 -0.353708 	 0.000181 
307.173325 	 -69.087929 	 -269.895051 	 2.245482 	 -0.504528 	 -1.972174 	 -0.011290 	 4.593104 
-37.882463 	 -203.402320 	 99.214806 	 -0.271498 	 -1.461474 	 0.713159 	 -0.017702 	 1.359107 
2.958578 	 -0.289471 	 2.154696 	 0.716068 	 -0.056705 	 0.507601 	 -0.541686 	 0.386814 
3.431831 	 -4.997206 	 -0.591356 	 0.175646 	 -0.245839 	 -0.028521 	 -0.347179 	 0.046051 
-92.773653 	 246.940939 	 110.882706 	 -0.671627 	 1.790076 	 0.803760 	 -0.015415 	 2.150743 
123.869705 	 -31.607080 	 360.292511 	 0.904793 	 -0.230333 	 2.629611 	 -0.012021 	 3.893279 
-0.100012 	 -0.116831 	 0.053386 	 0.008545 	 -0.118141 	 0.118909 	 -5.104794 	 0.014085 
3.707352 	 10.644165 	 -10.722699 	 0.032626 	 0.091492 	 -0.091617 	 -0.166314 	 0.008914 
0.826117 	 -0.832396 	 -0.570981 	 -0.405673 	 0.342218 	 0.241326 	 -1.151452 	 0.169961 
-0.287075 	 0.293239 	 0.779096 	 0.058977 	 -0.110209 	 -0.257985 	 -1.533102 	 0.041090 
-0.161338 	 -0.208310 	 0.128881 	 -0.008253 	 -0.023682 	 0.021404 	 -3.402305 	 0.000544 
102.943800 	 214.796258 	 345.112436 	 0.753926 	 1.571835 	 2.525036 	 -0.011137 	 4.707440 
25.350134 	 161.336011 	 45.638203 	 0.186174 	 1.180319 	 0.333912 	 -0.025544 	 0.769655 
8.193657 	 -3.314832 	 -0.465150 	 0.647780 	 -0.255090 	 -0.034979 	 -0.268247 	 0.242957 
28.945801 	 6.546815 	 29.721373 	 0.584792 	 0.132730 	 0.598632 	 -0.078699 	 0.358980 
0.328142 	 -0.288081 	 -0.229468 	 -0.010973 	 0.006110 	 0.005381 	 -2.186597 	 0.000093 
231.854908 	 78.189609 	 62.914482 	 1.672637 	 0.564154 	 0.453792 	 -0.019691 	 1.660957 
297.995440 	 -192.370883 	 190.321266 	 2.178218 	 -1.405310 	 1.390801 	 -0.011803 	 4.326929 
0.215811 	 -0.207762 	 -0.161662 	 -0.507295 	 0.254373 	 0.228640 	 -2.692930 	 0.187165 
0.289421 	 3.852930 	 3.865557 	 0.030061 	 0.297172 	 0.295861 	 -0.392428 	 0.088374 
-0.158723 	 0.019012 	 -0.017733 	 0.478480 	 -0.587497 	 0.006193 	 -5.655384 	 0.287067 
1.072233 	 0.089647 	 -1.514186 	 0.329545 	 0.038211 	 -0.419073 	 -0.906689 	 0.142841 
-0.179889 	 -0.069299 	 0.079493 	 0.139184 	 0.041741 	 -0.179580 	 -4.659766 	 0.026682 
1.463413 	 -1.427698 	 0.424798 	 0.751049 	 -0.661196 	 0.211568 	 -0.819033 	 0.523008 
159.997283 	 68.021553 	 -28.611480 	 1.158504 	 0.492545 	 -0.206910 	 -0.026838 	 0.813772 
7.993621 	 7.415660 	 -2.719780 	 0.258027 	 0.237759 	 -0.086110 	 -0.225860 	 0.065261 
0.139759 	 0.273403 	 0.818765 	 0.368134 	 0.481560 	 1.256737 	 -1.520319 	 0.973406 
-0.213791 	 -0.057464 	 -0.028020 	 -0.932887 	 -0.090975 	 -0.094232 	 -4.599635 	 0.443717 
-41.100330 	 -10.161451 	 -85.774598 	 -0.259502 	 -0.064026 	 -0.542850 	 -0.036203 	 0.183064 
-0.149524 	 -0.113492 	 -0.054139 	 -0.561297 	 -0.841351 	 -0.468471 	 -4.990088 	 0.621195 
61.159208 	 31.145462 	 2.806614 	 0.328755 	 0.167384 	 0.015152 	 -0.054156 	 0.068163 
-0.107798 	 0.351332 	 -0.335178 	 -0.004182 	 0.610980 	 -0.488146 	 -2.354265 	 0.305801 
0.163757 	 -0.667491 	 -0.003202 	 -0.357438 	 0.825195 	 -0.018398 	 -1.768789 	 0.404524 
85.774870 	 59.783055 	 -16.754742 	 0.559037 	 0.389464 	 -0.108954 	 -0.038479 	 0.238038 
19.179175 	 10.098463 	 12.888873 	 0.308256 	 0.162172 	 0.206299 	 -0.118588 	 0.081940 
27.037800 	 -1.011276 	 13.861549 	 0.651323 	 -0.023142 	 0.333032 	 -0.102335 	 0.267834 
