8.250414 	 2.522564 	 -5.857613 	 -1.000949 	 -0.440101 	 -0.318513 	 -2.610037 	 0.648520 
8.373418 	 3.114093 	 -4.740966 	 -0.160759 	 0.648309 	 -0.625709 	 -2.575030 	 0.418830 
-58.857755 	 26.711108 	 -62.418008 	 -0.328483 	 0.157888 	 -0.405899 	 -0.047750 	 0.148792 
7.276812 	 1.287773 	 -3.875242 	 0.123549 	 -0.034886 	 -0.149705 	 -1.308798 	 0.019446 
-178.369597 	 112.032098 	 -108.908769 	 -1.308161 	 0.886170 	 -0.743658 	 -0.039812 	 1.524805 
7.050868 	 2.566259 	 -4.850702 	 0.597122 	 -0.465831 	 0.222062 	 -2.584871 	 0.311432 
12.251271 	 -48.058797 	 40.754302 	 0.082896 	 -0.255242 	 0.189969 	 -0.058416 	 0.054054 
8.851926 	 2.662675 	 -4.781983 	 -0.779039 	 0.036486 	 0.160469 	 -2.056035 	 0.316992 
-0.978056 	 3.424118 	 -9.320127 	 -0.471641 	 0.003076 	 -0.151052 	 -0.360653 	 0.122636 
9.545973 	 4.958184 	 -8.909066 	 -0.052246 	 0.592994 	 -0.291374 	 -0.766083 	 0.219635 
-164.416318 	 -73.960806 	 -8.735547 	 -1.178735 	 -0.513551 	 -0.069327 	 -0.025061 	 0.828979 
7.764178 	 2.183815 	 -5.940874 	 -0.476969 	 1.657424 	 1.170291 	 -2.484281 	 2.172067 
-201.660299 	 -1.305252 	 -32.137990 	 -1.432693 	 -0.015382 	 -0.243139 	 -0.022826 	 1.055982 
7.104858 	 3.012185 	 -4.299429 	 -0.187111 	 -0.283491 	 0.794963 	 -2.111336 	 0.373672 
71.548436 	 47.422190 	 121.345567 	 0.496429 	 0.328349 	 0.836016 	 -0.029344 	 0.526589 
8.506255 	 3.730932 	 -5.564659 	 -0.591191 	 -0.017229 	 -0.248578 	 -2.384288 	 0.205797 
7.281639 	 3.083670 	 -5.421516 	 -0.699549 	 1.086332 	 -0.699952 	 -3.580153 	 1.079709 
7.853286 	 2.098246 	 -5.158576 	 -0.628158 	 -0.321987 	 0.354320 	 -2.450196 	 0.311901 
10.631324 	 -3.757279 	 -6.951621 	 -0.070745 	 0.104508 	 0.032315 	 -0.448101 	 0.008486 
12.638669 	 4.160911 	 -3.659007 	 0.507349 	 0.204195 	 0.352882 	 -0.628092 	 0.211812 
7.036593 	 2.360629 	 -5.897391 	 -0.986987 	 -0.102681 	 -0.158944 	 -2.363061 	 0.504975 
7.368189 	 2.900294 	 -5.024181 	 -0.011073 	 -0.149701 	 0.982353 	 -3.470855 	 0.493776 
10.375705 	 -162.008028 	 29.382608 	 0.072375 	 -1.135479 	 0.200717 	 -0.027197 	 0.667419 
7.152684 	 2.606253 	 -4.882479 	 0.046093 	 -0.341584 	 -0.495493 	 -2.796252 	 0.182159 
7.366342 	 3.154624 	 -5.217565 	 -0.099213 	 -1.403995 	 -1.815177 	 -3.631482 	 2.637956 
-118.664527 	 -29.693701 	 -81.297752 	 -0.814719 	 -0.180942 	 -0.552054 	 -0.039391 	 0.500636 
8.647932 	 7.052415 	 -0.897273 	 0.177500 	 0.236369 	 0.029436 	 -0.555923 	 0.044122 
9.193299 	 3.236025 	 -4.266690 	 0.297562 	 0.422052 	 -0.132854 	 -1.588753 	 0.142161 
7.549877 	 2.716295 	 -5.992293 	 -0.317880 	 0.662104 	 -0.194859 	 -3.078281 	 0.288700 
7.655643 	 3.028478 	 -5.751252 	 -0.057830 	 0.415399 	 0.129459 	 -3.735480 	 0.096330 
8.036293 	 3.040618 	 -5.658478 	 -0.349107 	 0.894431 	 -0.146974 	 -3.640518 	 0.471742 
6.755436 	 2.857465 	 -5.793685 	 -0.225399 	 0.210543 	 -0.196202 	 -2.454888 	 0.066814 
8.977923 	 3.711342 	 -4.388552 	 0.969270 	 0.222629 	 0.346351 	 -1.681735 	 0.554504 
9.639441 	 5.125050 	 -2.779625 	 -0.091927 	 0.444545 	 -0.505660 	 -0.843188 	 0.230881 
6.428906 	 2.802952 	 -4.856557 	 1.011201 	 -0.740243 	 0.428714 	 -1.966053 	 0.877141 
-30.849510 	 -276.581175 	 -58.187856 	 -0.223826 	 -2.017078 	 -0.422949 	 -0.015866 	 2.148794 
7.695023 	 2.855619 	 -5.441861 	 -1.503615 	 -0.978796 	 0.113929 	 -3.940548 	 1.615940 
39.774092 	 144.245234 	 60.987770 	 0.285395 	 1.007161 	 0.423778 	 -0.026990 	 0.637706 
7.426202 	 3.167306 	 -6.035371 	 0.790862 	 -0.604818 	 0.627109 	 -3.093262 	 0.692266 
-37.027173 	 61.429691 	 116.223741 	 -0.241386 	 0.426518 	 0.797880 	 -0.030730 	 0.438399 
6.926083 	 5.169916 	 -5.823421 	 0.302436 	 0.561342 	 -0.272779 	 -1.302131 	 0.240490 
7.555282 	 2.701495 	 -4.726209 	 1.275168 	 -0.108156 	 -0.672797 	 -3.043173 	 1.045203 
-4.418518 	 -101.351330 	 -5.810019 	 -0.015679 	 -0.652934 	 -0.032945 	 -0.039988 	 0.213827 
16.588850 	 9.490512 	 -9.221834 	 -0.121595 	 -0.072433 	 -0.018012 	 -0.300340 	 0.010178 
-0.648861 	 -213.975855 	 62.087082 	 -0.000201 	 -1.539830 	 0.446332 	 -0.020443 	 1.285144 
7.406424 	 2.967451 	 -5.214445 	 -0.046797 	 0.248763 	 -0.013239 	 -3.724508 	 0.032124 
6.381641 	 2.388692 	 -6.214969 	 0.099539 	 0.141118 	 -0.612702 	 -1.719880 	 0.202613 
-1.118565 	 -7.084661 	 -0.019165 	 0.135853 	 0.057787 	 0.003326 	 -0.242563 	 0.010903 
8.066998 	 3.322250 	 -5.313213 	 0.693743 	 -0.905658 	 0.238036 	 -3.575863 	 0.679079 
7.691463 	 2.545851 	 -5.214282 	 -0.421431 	 1.152107 	 -0.110791 	 -3.410793 	 0.758615 
8.302657 	 2.713911 	 -4.949221 	 -0.356111 	 -0.924030 	 0.891620 	 -2.763908 	 0.887817 
9.071444 	 2.981225 	 -5.502072 	 1.085153 	 0.140018 	 -0.621248 	 -2.027416 	 0.791555 
7.257068 	 3.117437 	 -6.023998 	 -0.430854 	 1.272819 	 -0.077193 	 -2.946052 	 0.905831 
7.904877 	 3.572349 	 -4.977912 	 0.102959 	 -0.330480 	 -0.353061 	 -2.964839 	 0.122235 
7.916124 	 3.216225 	 -4.987119 	 0.867603 	 0.796280 	 0.660075 	 -3.587970 	 0.911248 
-117.391184 	 28.182475 	 14.986943 	 -0.812443 	 0.199743 	 0.122228 	 -0.049860 	 0.357451 
7.202751 	 10.209934 	 -6.038699 	 0.051463 	 -0.507374 	 -0.044103 	 -0.472070 	 0.131011 
15.481758 	 -4.979278 	 -5.647481 	 -0.040293 	 0.089183 	 -0.132708 	 -0.309690 	 0.013594 
8.236145 	 3.271626 	 -4.780748 	 0.157292 	 -0.207771 	 1.386450 	 -2.753491 	 0.995076 
7.901149 	 3.022424 	 -4.905398 	 0.007520 	 1.422323 	 1.321948 	 -3.329545 	 1.885303 
-60.571039 	 -124.348024 	 147.955258 	 -0.430942 	 -0.900199 	 1.069389 	 -0.021657 	 1.069830 
7.064070 	 3.264598 	 -3.804561 	 0.094327 	 -0.530732 	 0.038297 	 -1.652473 	 0.146020 
0.747146 	 8.543316 	 -17.079851 	 -0.090400 	 0.090603 	 -0.344028 	 -0.240882 	 0.067368 
9.632425 	 1.346741 	 -5.843975 	 0.092875 	 -0.031870 	 0.280294 	 -1.175997 	 0.044103 
92.243771 	 33.342863 	 -67.097604 	 0.604957 	 0.205777 	 -0.435040 	 -0.038009 	 0.298788 
7.157441 	 2.800702 	 -5.982873 	 -0.332634 	 -0.865315 	 0.461651 	 -2.815701 	 0.536269 
105.365591 	 -43.711892 	 1.646619 	 0.681051 	 -0.290836 	 0.006316 	 -0.038562 	 0.274228 
43.018124 	 -36.127497 	 59.787470 	 0.268523 	 -0.206031 	 0.339194 	 -0.048700 	 0.114803 
7.406435 	 3.043625 	 -5.691652 	 0.858841 	 -0.466972 	 -0.146918 	 -3.605205 	 0.488628 
92.277775 	 -27.941318 	 25.289716 	 0.585296 	 -0.182494 	 0.145313 	 -0.043786 	 0.198496 
7.362069 	 2.413483 	 -4.916502 	 0.524203 	 -0.125599 	 -0.654016 	 -2.812862 	 0.359151 
7.528568 	 2.804847 	 -6.085620 	 1.054685 	 1.632629 	 0.384827 	 -3.033174 	 1.962964 
-4.529637 	 -164.653507 	 26.236299 	 -0.027339 	 -1.156679 	 0.187867 	 -0.026888 	 0.686974 
7.433648 	 4.587325 	 -6.901919 	 0.254933 	 -0.636090 	 0.152203 	 -1.447608 	 0.246383 
7.585435 	 2.974720 	 -5.520058 	 -0.314711 	 0.015497 	 -0.591947 	 -4.004283 	 0.224842 
8.044584 	 2.677725 	 -4.743068 	 -0.066236 	 0.017194 	 -1.855373 	 -2.807271 	 1.723545 
8.568239 	 3.194467 	 -5.218327 	 -0.388869 	 1.139083 	 0.714551 	 -2.681930 	 0.979657 
6.998562 	 3.860308 	 -6.751202 	 0.555693 	 0.120301 	 0.518814 	 -1.697471 	 0.296217 
7.340978 	 2.813030 	 -6.552288 	 -1.540002 	 -0.010407 	 -0.233609 	 -2.210241 	 1.213143 
-173.809563 	 -47.293183 	 -81.156271 	 -1.241505 	 -0.323378 	 -0.584034 	 -0.023164 	 0.993502 
-175.349075 	 -1.230431 	 -103.885443 	 -1.247143 	 -0.015452 	 -0.753281 	 -0.022743 	 1.061518 
4.766027 	 1.769826 	 -2.209022 	 0.172147 	 0.073369 	 -0.682619 	 -0.733318 	 0.250493 
8.243373 	 3.462765 	 -7.288976 	 0.120766 	 -0.100783 	 -0.881304 	 -1.515259 	 0.400719 
7.959184 	 3.281447 	 -5.597637 	 0.504469 	 -0.682805 	 0.766005 	 -3.673927 	 0.653738 
7.455122 	 2.006526 	 -4.759237 	 1.148015 	 0.671065 	 -0.499591 	 -2.159571 	 1.008928 
7.352814 	 3.445136 	 -6.703410 	 -0.770117 	 0.494511 	 0.058245 	 -2.002617 	 0.420507 
-99.869821 	 -13.533117 	 -70.901433 	 -0.649099 	 -0.081357 	 -0.481084 	 -0.037095 	 0.329695 
7.502907 	 5.501927 	 -4.451253 	 -0.158839 	 0.680425 	 -0.085434 	 -1.157547 	 0.247753 
7.685952 	 3.212282 	 -5.576882 	 -0.300556 	 1.441964 	 -1.200734 	 -3.840593 	 1.805679 
7.898053 	 -6.401875 	 11.805089 	 -0.042762 	 0.036596 	 0.003631 	 -0.182643 	 0.001591 
-189.844070 	 -89.616695 	 13.821958 	 -1.375406 	 -0.657115 	 0.080399 	 -0.023013 	 1.165003 
8.360325 	 3.386538 	 -5.392844 	 -1.065789 	 -0.026196 	 -0.928080 	 -2.911798 	 0.998963 
9.667839 	 2.807920 	 -5.543112 	 -0.184477 	 0.669848 	 0.131978 	 -1.526438 	 0.250073 
-72.568710 	 -0.686821 	 -65.301530 	 -0.439512 	 -0.000493 	 -0.449873 	 -0.042858 	 0.197778 
8.040543 	 2.693754 	 -5.064248 	 0.674261 	 0.105206 	 0.331907 	 -3.213044 	 0.287929 
7.276255 	 2.053890 	 -5.576914 	 0.825454 	 -0.117918 	 -0.012495 	 -2.349145 	 0.347717 
143.312676 	 13.645149 	 6.878120 	 0.979442 	 0.107541 	 0.046189 	 -0.031338 	 0.486503 
9.739010 	 5.053185 	 -6.699815 	 0.420756 	 0.034794 	 0.018002 	 -1.021064 	 0.089285 
7.892728 	 3.541857 	 -4.519777 	 -0.528167 	 -0.144513 	 -0.509385 	 -2.419645 	 0.279659 
6.958051 	 0.904164 	 -5.446573 	 0.233828 	 -0.171274 	 -0.702701 	 -1.333161 	 0.288899 
8.266642 	 2.264605 	 -5.730965 	 0.415939 	 -0.718793 	 0.512369 	 -2.401329 	 0.476095 
5.726701 	 2.240524 	 0.349438 	 0.173841 	 -0.039813 	 0.119103 	 -0.547791 	 0.022996 
-82.453589 	 -14.510232 	 -58.425957 	 -0.532127 	 -0.084347 	 -0.386336 	 -0.040651 	 0.219764 
-20.730828 	 121.562467 	 -107.985985 	 -0.142657 	 0.849065 	 -0.759722 	 -0.026724 	 0.659220 
7.613520 	 3.827465 	 -5.219625 	 -0.778526 	 -0.060456 	 0.993826 	 -2.685258 	 0.798724 
7.911338 	 4.865106 	 -3.440093 	 0.483822 	 -0.385035 	 0.210388 	 -1.157811 	 0.213300 
8.062556 	 3.029497 	 -5.302468 	 0.473185 	 0.781585 	 0.099550 	 -3.668773 	 0.422345 
33.999380 	 61.117175 	 108.558630 	 0.230131 	 0.412889 	 0.733579 	 -0.033006 	 0.380788 
8.300826 	 3.777047 	 -5.095239 	 0.323833 	 0.508735 	 -0.951245 	 -2.604119 	 0.634274 
7.837733 	 2.536688 	 -4.803843 	 0.940794 	 0.250203 	 0.764455 	 -2.863920 	 0.766043 
9.395657 	 3.781378 	 -9.565241 	 -0.143099 	 -0.303139 	 0.167488 	 -0.737558 	 0.070211 
7.302928 	 3.175989 	 -5.433567 	 -1.021283 	 0.057923 	 0.181236 	 -3.587515 	 0.539611 
-28.014914 	 -221.055785 	 22.030129 	 -0.193904 	 -1.590546 	 0.149879 	 -0.020647 	 1.294950 
7.789156 	 3.713419 	 -6.444845 	 -0.010677 	 0.011024 	 0.038413 	 -2.163237 	 0.000856 
7.737125 	 3.395879 	 -5.303993 	 0.231562 	 -0.512564 	 -0.785170 	 -3.632001 	 0.466417 
8.227711 	 2.257558 	 -5.485070 	 -0.071245 	 0.553793 	 -0.944408 	 -2.473840 	 0.601834 
-17.270956 	 18.905651 	 39.960858 	 -0.043187 	 0.071791 	 0.133172 	 -0.071310 	 0.012377 
7.426810 	 3.083135 	 -6.019567 	 -0.557316 	 0.415376 	 0.983584 	 -3.160374 	 0.725288 
7.451340 	 3.105162 	 -4.919660 	 0.745512 	 0.402097 	 0.750605 	 -3.317840 	 0.640439 
-122.830730 	 -17.310720 	 -102.299769 	 -0.852825 	 -0.118275 	 -0.721593 	 -0.028464 	 0.630998 
7.986724 	 3.149177 	 -5.445349 	 0.426022 	 -1.182534 	 -1.612699 	 -3.812886 	 2.090340 
6.488696 	 2.724057 	 -5.607928 	 0.184102 	 0.658288 	 -0.032839 	 -2.151590 	 0.234158 
7.781819 	 3.080186 	 -5.476284 	 -0.269663 	 -1.173875 	 0.488411 	 -4.113277 	 0.844622 
17.533975 	 53.565249 	 23.091268 	 0.083989 	 0.238380 	 0.087894 	 -0.066239 	 0.035802 
-26.021440 	 134.917481 	 38.616965 	 -0.174003 	 0.931334 	 0.263591 	 -0.029790 	 0.483570 
8.452556 	 3.297858 	 -5.738503 	 0.023278 	 0.463660 	 0.147992 	 -2.718989 	 0.118712 
7.717015 	 3.704960 	 -2.931326 	 0.349446 	 -0.237160 	 -0.110836 	 -1.210520 	 0.095321 
-1.372748 	 1.253304 	 -13.999123 	 0.361990 	 -0.032132 	 0.195598 	 -0.288752 	 0.085164 
9.273869 	 3.561601 	 -5.052098 	 0.762627 	 0.610000 	 0.264882 	 -1.735869 	 0.511931 
2.925904 	 5.522522 	 -0.821082 	 -0.046572 	 0.193770 	 0.257126 	 -0.479518 	 0.052915 
7.140872 	 3.300668 	 -6.587611 	 0.707811 	 -0.218260 	 0.516733 	 -2.070438 	 0.407824 
8.383231 	 3.750010 	 -5.082007 	 -0.779377 	 -0.590683 	 -0.138108 	 -2.513405 	 0.487704 
6.763861 	 2.728550 	 -6.068014 	 0.139912 	 0.151856 	 0.262354 	 -2.222538 	 0.055733 
7.548693 	 2.876769 	 -3.966430 	 -0.180353 	 -0.792026 	 0.558915 	 -1.930892 	 0.486109 
8.226342 	 4.005369 	 -6.223419 	 0.505912 	 0.029504 	 -0.057495 	 -1.994046 	 0.130061 
7.702051 	 3.173094 	 -5.389601 	 -0.134093 	 0.507000 	 -0.592017 	 -4.044193 	 0.312757 
-7.544064 	 29.432448 	 165.018118 	 -0.061866 	 0.212656 	 1.161486 	 -0.026039 	 0.699050 
3.597481 	 3.223706 	 -3.118636 	 -0.695401 	 -0.128184 	 0.613958 	 -0.701575 	 0.438479 
7.851526 	 1.060437 	 -5.349264 	 -0.878813 	 0.407032 	 0.154924 	 -1.494929 	 0.480994 
6.824476 	 2.151429 	 -5.556588 	 -0.302212 	 -1.039146 	 0.226810 	 -2.107770 	 0.611300 
7.235978 	 3.128917 	 -4.646633 	 1.361847 	 -0.866778 	 -0.181789 	 -2.606281 	 1.319489 
7.253950 	 3.108727 	 -6.161100 	 -0.689893 	 0.773363 	 -0.355473 	 -2.734416 	 0.600202 
4.897159 	 3.171542 	 -4.492367 	 -0.162646 	 0.015994 	 0.255081 	 -1.066065 	 0.045888 
-151.441238 	 51.042482 	 -84.925383 	 -1.059009 	 0.365066 	 -0.639597 	 -0.030320 	 0.831929 
8.268774 	 3.362109 	 -5.523053 	 -0.419793 	 -0.198935 	 0.164724 	 -3.058346 	 0.121468 
6.907863 	 3.812266 	 -5.386693 	 0.486759 	 -1.031401 	 -0.039521 	 -2.287391 	 0.651142 
7.635205 	 2.958759 	 -5.123553 	 0.937811 	 -0.162383 	 -0.263229 	 -3.844501 	 0.487574 
-15.834089 	 -50.501706 	 8.744252 	 -0.054191 	 -0.223718 	 0.024217 	 -0.065526 	 0.026787 
5.992759 	 3.606677 	 -6.095759 	 -0.759479 	 -0.021925 	 -0.025502 	 -1.545269 	 0.288970 
7.478410 	 3.232477 	 -5.038600 	 -0.281566 	 -0.140201 	 0.051779 	 -3.431604 	 0.050809 
70.064210 	 78.900076 	 -173.120180 	 0.507654 	 0.561011 	 -1.243356 	 -0.021989 	 1.059190 
19.337003 	 208.301139 	 -81.127627 	 0.143931 	 1.504916 	 -0.590447 	 -0.019952 	 1.317058 
-58.247341 	 28.535520 	 -63.822038 	 -0.359502 	 0.167459 	 -0.391775 	 -0.047241 	 0.155386 
-32.440944 	 19.935020 	 -12.315202 	 -0.036476 	 0.036954 	 -0.041407 	 -0.086004 	 0.002205 
6.263119 	 2.504933 	 -4.918088 	 -0.191290 	 -0.029892 	 0.334187 	 -1.853554 	 0.074583 
7.928607 	 2.849410 	 -5.377747 	 -0.628569 	 1.261608 	 -1.098346 	 -3.685891 	 1.596559 
8.548375 	 3.066862 	 -5.036982 	 -0.060627 	 -0.251224 	 -0.790192 	 -2.624337 	 0.345597 
-23.318227 	 -146.064521 	 147.411325 	 -0.162610 	 -1.055386 	 1.061179 	 -0.021305 	 1.133191 
7.291187 	 3.278168 	 -4.270167 	 -0.034761 	 -0.041783 	 -0.845112 	 -2.129482 	 0.358584 
-117.626747 	 -62.569725 	 -10.127890 	 -0.810045 	 -0.429226 	 -0.084767 	 -0.031157 	 0.423797 
6.515258 	 2.881116 	 -5.172383 	 0.281720 	 0.487798 	 -0.702144 	 -2.194945 	 0.405160 
7.210918 	 2.521316 	 -5.191158 	 -0.682249 	 0.361156 	 -0.496855 	 -2.986729 	 0.421382 
8.008473 	 3.160083 	 -4.815025 	 0.108207 	 0.360072 	 1.339641 	 -3.065283 	 0.967999 
7.994893 	 2.510658 	 -6.911808 	 0.617649 	 -0.317805 	 -0.133409 	 -1.795508 	 0.250144 
7.562653 	 3.636934 	 -4.022810 	 0.897497 	 -0.076127 	 0.252731 	 -1.840481 	 0.437585 
7.865693 	 2.728772 	 -5.961348 	 -0.617777 	 -2.112372 	 -0.056221 	 -3.064383 	 2.423464 
7.870661 	 3.175555 	 -6.087411 	 0.469683 	 -0.550746 	 -0.974935 	 -2.965670 	 0.737210 
93.840001 	 17.202140 	 17.021662 	 0.578537 	 0.119239 	 0.106598 	 -0.048184 	 0.180143 
7.584002 	 2.817982 	 -5.365419 	 0.013460 	 1.051671 	 0.174062 	 -3.817349 	 0.568246 
7.559413 	 2.026487 	 -5.399002 	 -0.067951 	 0.931073 	 -0.516655 	 -2.438625 	 0.569223 
8.212822 	 2.123914 	 -5.827137 	 0.300219 	 0.552888 	 0.357989 	 -2.268076 	 0.261986 
7.708820 	 3.270740 	 -4.780382 	 -0.243372 	 0.935116 	 0.075668 	 -3.006168 	 0.469699 
7.521277 	 2.894900 	 -4.227016 	 1.116142 	 -0.187313 	 -0.588440 	 -2.221585 	 0.813560 
7.474948 	 4.382850 	 -4.300537 	 0.081540 	 -0.280244 	 -0.131696 	 -1.634151 	 0.051265 
7.621066 	 3.026501 	 -5.045753 	 0.586918 	 -0.465357 	 0.523565 	 -3.694696 	 0.417575 
8.004088 	 3.103506 	 -5.686390 	 0.287066 	 -1.435306 	 1.103787 	 -3.611124 	 1.680428 
10.754134 	 3.338210 	 -6.806265 	 0.141579 	 -0.194040 	 -0.571149 	 -0.966584 	 0.191953 
9.271136 	 3.196991 	 -2.712770 	 0.280782 	 -0.024423 	 0.166451 	 -1.023706 	 0.053570 
6.159404 	 0.410452 	 -6.991099 	 0.468851 	 0.181939 	 -0.186674 	 -0.927612 	 0.143885 
7.955222 	 2.211919 	 -8.416864 	 0.296650 	 0.275369 	 -0.154952 	 -1.022115 	 0.093919 
8.243492 	 1.895745 	 -6.606186 	 0.213549 	 0.718439 	 1.232754 	 -1.713594 	 1.040720 
7.932318 	 3.507359 	 -5.492081 	 0.908590 	 0.056672 	 0.106787 	 -3.335255 	 0.420075 
8.276170 	 1.078963 	 -3.757416 	 0.661520 	 0.210707 	 -0.278867 	 -1.195551 	 0.279887 
8.562858 	 3.613491 	 -4.782522 	 -0.276538 	 -0.548764 	 -0.438887 	 -2.228207 	 0.285118 
7.699082 	 3.122180 	 -5.545339 	 -0.173193 	 1.822392 	 -0.333167 	 -4.004913 	 1.731055 
7.532022 	 3.355785 	 -5.717425 	 -0.861136 	 1.130603 	 -0.479578 	 -3.411203 	 1.124907 
8.030259 	 3.251922 	 -5.643053 	 1.066079 	 -0.235524 	 -0.124149 	 -3.531433 	 0.603705 
7.588812 	 3.216139 	 -5.299949 	 0.914592 	 0.889103 	 -0.289196 	 -3.964150 	 0.855308 
7.613983 	 2.742637 	 -6.131590 	 0.601865 	 0.327019 	 -0.819446 	 -2.928485 	 0.570337 
-2.001743 	 -4.974886 	 -12.967797 	 0.177238 	 0.101901 	 0.060310 	 -0.239733 	 0.022717 
8.026534 	 3.686663 	 -5.443800 	 -0.019813 	 0.005518 	 0.677422 	 -2.952580 	 0.229662 
6.509718 	 4.762000 	 -8.065987 	 0.544829 	 -0.315717 	 0.478271 	 -0.972940 	 0.312630 
8.671940 	 3.796714 	 -5.605841 	 0.307743 	 0.947145 	 -0.540444 	 -2.152733 	 0.641935 
8.277052 	 2.971015 	 -4.440253 	 -0.231059 	 0.206745 	 -0.206078 	 -2.299761 	 0.069300 
10.147876 	 -12.186912 	 -8.493998 	 0.042323 	 -0.167716 	 -0.028183 	 -0.224321 	 0.015357 
23.630387 	 4.889017 	 -24.532139 	 0.137050 	 0.091461 	 -0.089349 	 -0.144932 	 0.017566 
7.999526 	 3.559985 	 -4.690318 	 0.800743 	 -0.882505 	 0.729638 	 -2.613520 	 0.976189 
8.489162 	 6.920055 	 -5.746245 	 -0.124245 	 -0.859367 	 0.516410 	 -0.820883 	 0.510314 
8.227435 	 2.810729 	 -6.247062 	 -0.696980 	 0.293676 	 0.394927 	 -2.507779 	 0.363997 
-211.862402 	 -39.710485 	 -45.944007 	 -1.533267 	 -0.283257 	 -0.337989 	 -0.021415 	 1.272689 
2.155758 	 5.324649 	 -6.509397 	 -0.017958 	 0.113987 	 -0.410108 	 -0.547384 	 0.090752 
8.022790 	 4.788546 	 -5.554217 	 -0.092340 	 -0.075707 	 -0.001783 	 -1.610171 	 0.007131 
8.118020 	 2.662585 	 -5.411322 	 1.047504 	 -0.147307 	 1.520818 	 -3.150162 	 1.715925 
8.233376 	 3.017423 	 -5.131117 	 0.031297 	 -0.217927 	 -0.084944 	 -3.265316 	 0.027844 
7.868498 	 2.905080 	 -5.167515 	 -0.270477 	 -1.264805 	 0.871834 	 -3.734116 	 1.216492 
8.001892 	 4.428890 	 -5.920100 	 0.175901 	 -0.365641 	 -0.352547 	 -1.840231 	 0.144462 
7.789976 	 2.850148 	 -4.922442 	 -1.109166 	 -1.025762 	 -0.107561 	 -3.385902 	 1.147004 
6.983468 	 3.329956 	 -5.369571 	 -0.518836 	 -0.176635 	 -0.071137 	 -2.858719 	 0.152726 
7.348085 	 2.195204 	 -4.756629 	 0.226074 	 -1.071791 	 -0.746250 	 -2.333577 	 0.878367 
8.207189 	 2.605347 	 -4.957171 	 0.534192 	 0.103258 	 -0.687930 	 -2.803143 	 0.384636 
-75.570353 	 -59.741113 	 201.035384 	 -0.544231 	 -0.430390 	 1.450716 	 -0.019678 	 1.293000 
8.431961 	 2.868645 	 -6.323064 	 -0.551533 	 -0.275930 	 -0.339940 	 -2.304745 	 0.247942 
7.925717 	 3.221696 	 -5.005038 	 -0.652633 	 -0.656498 	 -0.496138 	 -3.615726 	 0.551536 
0.592911 	 2.615538 	 -2.679361 	 -0.197623 	 0.222820 	 -0.010908 	 -0.445939 	 0.044411 
-1.270028 	 1.506457 	 -14.241477 	 0.380306 	 -0.007802 	 0.157659 	 -0.287543 	 0.084775 
5.512634 	 3.624373 	 -5.294963 	 -0.784906 	 -0.026062 	 0.434285 	 -1.337459 	 0.402681 
8.562126 	 0.981901 	 -2.551554 	 -0.099086 	 -0.004241 	 -0.368046 	 -0.896286 	 0.072647 
7.806274 	 2.638809 	 -4.686542 	 0.226891 	 1.668765 	 -0.689459 	 -2.848923 	 1.655805 
6.897321 	 3.835911 	 -5.971530 	 -0.276632 	 0.428623 	 -0.961634 	 -2.118175 	 0.592491 
17.781948 	 -74.388075 	 45.371902 	 0.166343 	 -0.429361 	 0.254266 	 -0.053856 	 0.138336 
7.904930 	 3.645751 	 -5.725551 	 -0.684490 	 -1.271851 	 -0.942536 	 -3.119796 	 1.487254 
8.000073 	 3.020349 	 -5.669314 	 -0.781507 	 0.212919 	 -0.262035 	 -3.666713 	 0.362375 
7.723798 	 3.019004 	 -5.477883 	 0.768982 	 -0.695099 	 -0.102771 	 -4.128589 	 0.542528 
7.710471 	 2.671482 	 -5.209442 	 -0.186895 	 -0.858844 	 -0.331878 	 -3.581566 	 0.441343 
7.681658 	 3.721342 	 -4.866958 	 -0.164702 	 -0.588731 	 -0.689735 	 -2.613589 	 0.424733 
41.474296 	 69.276333 	 -49.169841 	 0.260626 	 0.418398 	 -0.294569 	 -0.046381 	 0.164877 
16.874006 	 2.834442 	 -9.025760 	 -0.547365 	 0.199000 	 0.058094 	 -0.349909 	 0.171292 
7.304251 	 2.578152 	 -5.509361 	 -0.146427 	 -0.582450 	 -1.317901 	 -3.133168 	 1.048776 
7.807562 	 2.143980 	 -3.819432 	 -0.961656 	 0.032953 	 -0.800491 	 -1.619746 	 0.783327 
-23.835398 	 97.801630 	 159.094925 	 -0.165418 	 0.692714 	 1.137374 	 -0.023857 	 0.900418 
8.229050 	 1.977946 	 -6.568679 	 -0.563595 	 -0.230191 	 -0.015893 	 -1.778542 	 0.185440 
7.494070 	 3.422065 	 -6.479964 	 0.240427 	 0.117177 	 1.013629 	 -2.281918 	 0.549489 
-143.722373 	 43.067472 	 -78.183180 	 -1.010951 	 0.320369 	 -0.559481 	 -0.027054 	 0.718839 
6.835089 	 2.952797 	 -7.179960 	 -0.500510 	 -0.482833 	 0.519351 	 -1.522667 	 0.376682 
7.004669 	 3.054446 	 -5.425607 	 -0.003328 	 0.497509 	 -1.202529 	 -3.073797 	 0.846801 
7.978326 	 2.964097 	 -6.462094 	 1.719318 	 0.518348 	 -0.555663 	 -2.369348 	 1.766749 
-127.379516 	 -6.475476 	 -106.461625 	 -0.895897 	 -0.043655 	 -0.738724 	 -0.027708 	 0.675125 
5.595671 	 2.109629 	 -3.093179 	 0.656090 	 0.202089 	 -0.819749 	 -0.977163 	 0.571641 
7.409169 	 -0.636154 	 -7.845337 	 0.622661 	 0.201254 	 0.164250 	 -0.734438 	 0.227594 
8.095025 	 2.882188 	 -5.556206 	 -0.693281 	 -1.311995 	 -0.359734 	 -3.433388 	 1.165689 
12.533618 	 31.310734 	 62.978438 	 0.115795 	 0.196107 	 0.333256 	 -0.057276 	 0.081463 
7.605606 	 3.019035 	 -5.430478 	 0.441747 	 1.139715 	 1.452697 	 -4.066271 	 1.802210 
9.551861 	 2.596819 	 -6.596537 	 -0.182591 	 0.787423 	 0.246024 	 -1.366443 	 0.356951 
7.695945 	 3.278907 	 -5.739694 	 0.193727 	 -0.887306 	 -0.869216 	 -3.559243 	 0.790190 
9.112987 	 1.600940 	 -3.445704 	 0.253306 	 0.379970 	 0.478018 	 -1.122689 	 0.218521 
8.903059 	 2.899844 	 -5.539119 	 -0.631024 	 0.778911 	 -0.541529 	 -2.209433 	 0.649073 
7.223727 	 2.939368 	 -3.779728 	 -0.273525 	 0.288060 	 0.785421 	 -1.700682 	 0.387340 
8.235548 	 2.406001 	 -5.249980 	 -0.794205 	 0.930945 	 -0.442762 	 -2.656576 	 0.846729 
9.029216 	 3.380560 	 -5.444438 	 -0.564205 	 0.647870 	 -1.027351 	 -2.046498 	 0.896756 
7.089795 	 2.888204 	 -5.985807 	 -0.000306 	 -0.595590 	 0.510935 	 -2.767383 	 0.307891 
6.819909 	 2.044126 	 -5.093888 	 -0.206565 	 -0.399737 	 -0.491330 	 -1.992723 	 0.221932 
3.565285 	 7.931486 	 -7.906281 	 -0.139810 	 0.216744 	 -0.119892 	 -0.490971 	 0.040450 
9.299467 	 2.642253 	 -5.674409 	 0.177709 	 -0.449283 	 -1.113305 	 -1.726645 	 0.736442 
-29.055709 	 -192.000471 	 118.606463 	 -0.203977 	 -1.385770 	 0.847990 	 -0.019853 	 1.340526 
11.762735 	 4.820242 	 -6.948283 	 -0.419079 	 -0.195084 	 -0.018275 	 -0.713270 	 0.107009 
-69.255103 	 -42.821326 	 -21.478800 	 -0.412489 	 -0.259432 	 -0.161030 	 -0.045219 	 0.131692 
5.995243 	 5.573750 	 -3.077325 	 0.169876 	 0.182036 	 -0.078423 	 -0.842795 	 0.034073 
8.460773 	 3.502775 	 -8.176378 	 -0.002066 	 -0.573540 	 0.098802 	 -1.104550 	 0.169357 
7.617611 	 2.786458 	 -5.592979 	 0.333678 	 -0.750789 	 -1.289980 	 -3.718114 	 1.169537 
-21.578532 	 -2.645023 	 4.375553 	 -0.393689 	 -0.096447 	 0.110932 	 -0.117290 	 0.088300 
8.126004 	 3.642047 	 -5.310424 	 -0.891420 	 0.128253 	 -0.744118 	 -2.923266 	 0.682395 
7.306848 	 3.236667 	 -5.675986 	 0.637222 	 0.332797 	 0.535227 	 -3.389757 	 0.401637 
7.637841 	 3.128227 	 -4.178382 	 -0.294668 	 0.560708 	 0.560171 	 -2.167400 	 0.357507 
10.976869 	 2.376603 	 -3.432687 	 0.110978 	 0.319962 	 0.048155 	 -0.838534 	 0.058505 
7.036950 	 3.177980 	 -5.292335 	 0.924659 	 -0.379050 	 -0.293318 	 -3.060447 	 0.542354 
7.625873 	 2.730456 	 -5.646287 	 0.457006 	 -1.156261 	 1.356666 	 -3.601888 	 1.693168 
-29.776892 	 -170.325385 	 116.850932 	 -0.208599 	 -1.223499 	 0.840811 	 -0.021511 	 1.123712 
6.347632 	 4.439954 	 -2.691503 	 0.007766 	 -0.103547 	 0.063310 	 -0.952412 	 0.007395 
7.892558 	 3.738505 	 -4.975978 	 -1.058287 	 -1.096207 	 -0.902614 	 -2.794373 	 1.568176 
7.086762 	 2.742839 	 -6.058331 	 0.746843 	 -0.314149 	 0.494491 	 -2.603918 	 0.450493 
7.417256 	 4.161813 	 -7.203215 	 0.152798 	 0.548090 	 -0.081900 	 -1.441969 	 0.165229 
8.163200 	 5.280044 	 -6.844790 	 0.025122 	 0.282155 	 -0.084570 	 -1.171622 	 0.043697 
5.963369 	 2.335190 	 -6.088437 	 -0.258144 	 0.063745 	 -0.285654 	 -1.504297 	 0.076150 
7.938807 	 2.585398 	 -4.636563 	 1.208300 	 -0.709756 	 0.005837 	 -2.656258 	 0.981888 
8.810698 	 2.605085 	 -4.756320 	 -0.068109 	 -0.597105 	 0.969822 	 -2.064115 	 0.650864 
11.128394 	 2.550322 	 -1.724900 	 0.231283 	 0.128234 	 0.142089 	 -0.660061 	 0.045062 
7.523775 	 2.893794 	 -5.017745 	 0.743030 	 -0.660508 	 1.239392 	 -3.594498 	 1.262229 
58.036887 	 -30.818932 	 26.066387 	 0.319629 	 -0.151598 	 0.105879 	 -0.058256 	 0.068178 
111.733008 	 -51.946529 	 -40.694136 	 0.745732 	 -0.359741 	 -0.272499 	 -0.034215 	 0.379892 
9.820731 	 4.336873 	 -7.816953 	 0.091368 	 0.263420 	 -0.249763 	 -0.956825 	 0.070060 
7.201860 	 1.782390 	 -5.076008 	 -0.429239 	 0.104367 	 -0.057887 	 -1.984431 	 0.099245 
-24.793563 	 -205.099912 	 7.572224 	 -0.162974 	 -1.472125 	 0.048667 	 -0.022833 	 1.098041 
7.747041 	 3.063148 	 -5.510066 	 -0.823275 	 -0.165991 	 1.038358 	 -4.129531 	 0.891761 
7.741582 	 4.018464 	 -5.154577 	 -1.048805 	 -0.083284 	 -0.248089 	 -2.409359 	 0.584238 
5.852387 	 3.131325 	 -5.616258 	 0.107355 	 -0.469466 	 0.326641 	 -1.592484 	 0.169309 
9.068979 	 2.302002 	 -6.073289 	 -0.426129 	 0.266006 	 0.407878 	 -1.688495 	 0.209355 
7.951167 	 3.104281 	 -5.238495 	 1.024321 	 1.433471 	 -0.182805 	 -3.788477 	 1.568745 
7.468194 	 2.929854 	 -5.293886 	 0.054865 	 -0.235343 	 0.813550 	 -3.811429 	 0.360130 
-70.659528 	 130.981514 	 159.755274 	 -0.508370 	 0.946740 	 1.152559 	 -0.020984 	 1.241574 
7.255231 	 3.071234 	 -4.872627 	 0.355632 	 -0.630776 	 0.434065 	 -3.084972 	 0.356382 
7.696657 	 2.612612 	 -6.166347 	 0.510180 	 0.520441 	 0.103068 	 -2.788613 	 0.270883 
9.393600 	 3.270948 	 -5.476877 	 -0.147970 	 0.460456 	 0.178465 	 -1.730897 	 0.132882 
6.556467 	 3.166464 	 -6.379014 	 0.074465 	 0.838416 	 -0.560423 	 -1.867524 	 0.511280 
7.942597 	 2.480158 	 -5.355215 	 0.794178 	 1.046125 	 -0.033823 	 -3.103381 	 0.863120 
7.146596 	 2.304435 	 -5.067662 	 1.626553 	 0.809066 	 -0.522916 	 -2.524865 	 1.786851 
6.008361 	 3.387173 	 -6.568785 	 0.729334 	 0.080834 	 -0.022522 	 -1.462880 	 0.269484 
7.543195 	 2.668412 	 -4.706917 	 -0.095511 	 1.011330 	 -0.650827 	 -2.981937 	 0.727744 
-61.568920 	 -124.382898 	 193.303085 	 -0.440430 	 -0.902052 	 1.398981 	 -0.018632 	 1.482412 
8.567259 	 5.316632 	 -6.060137 	 -0.121554 	 -0.343292 	 -0.560445 	 -1.226972 	 0.223362 
7.685492 	 4.206778 	 -3.786506 	 -0.008724 	 -0.004436 	 -0.337764 	 -1.482684 	 0.057090 
90.873652 	 93.728357 	 154.466751 	 0.651347 	 0.662846 	 1.108403 	 -0.022188 	 1.046088 
8.938804 	 3.727691 	 -4.695984 	 0.244059 	 -0.301371 	 -0.369170 	 -1.829903 	 0.143338 
10.144167 	 184.196665 	 -116.336433 	 0.076097 	 1.327747 	 -0.838177 	 -0.020513 	 1.235622 
-106.162338 	 -42.339723 	 85.987166 	 -0.738087 	 -0.293755 	 0.592292 	 -0.028557 	 0.490937 
4.706718 	 1.907730 	 -1.465216 	 -0.284959 	 0.002080 	 0.230194 	 -0.658440 	 0.067098 
7.399850 	 3.166600 	 -6.145572 	 -0.023000 	 -0.037359 	 0.689013 	 -2.867814 	 0.238332 
7.068009 	 2.547725 	 -10.216384 	 -0.162053 	 0.017194 	 -0.191735 	 -0.687889 	 0.031660 
88.109366 	 -34.297376 	 -60.182045 	 0.572421 	 -0.204913 	 -0.395511 	 -0.039368 	 0.263042 
8.309861 	 2.931276 	 -5.403620 	 -0.832127 	 0.143398 	 0.532198 	 -3.117060 	 0.498117 
8.353410 	 2.564360 	 -4.682620 	 -0.229305 	 0.406650 	 0.082584 	 -2.338157 	 0.112383 
11.532636 	 0.733015 	 -2.163235 	 0.762177 	 -0.207729 	 0.504533 	 -0.604064 	 0.439309 
-134.250566 	 58.473147 	 -67.588293 	 -0.945629 	 0.400129 	 -0.479606 	 -0.027592 	 0.642170 
7.318287 	 3.195259 	 -4.908933 	 0.823643 	 -1.396770 	 -0.473708 	 -3.085499 	 1.426877 
-121.603922 	 72.923682 	 -117.311928 	 -0.864759 	 0.522386 	 -0.825252 	 -0.024286 	 0.850868 
7.605420 	 3.876820 	 -5.633541 	 0.382385 	 -0.102426 	 -1.038411 	 -2.697600 	 0.617504 
7.446223 	 3.323023 	 -5.517998 	 0.825824 	 0.077094 	 0.527259 	 -3.606676 	 0.482966 
3.734018 	 -152.610725 	 85.771179 	 0.033601 	 -1.075035 	 0.606428 	 -0.025422 	 0.762292 
7.047218 	 1.312951 	 -4.604620 	 -0.271891 	 -0.240656 	 -0.072820 	 -1.496794 	 0.068571 
7.651859 	 1.663374 	 -5.294596 	 1.711246 	 0.366084 	 0.372715 	 -1.980173 	 1.600647 
-62.424571 	 -169.496861 	 -14.476862 	 -0.438173 	 -1.204189 	 -0.095560 	 -0.024395 	 0.825600 
7.315259 	 2.948581 	 -5.375638 	 0.330441 	 -0.666249 	 -0.044698 	 -3.580249 	 0.277538 
9.266755 	 5.225084 	 -3.889953 	 0.178405 	 0.228031 	 -0.259809 	 -1.030276 	 0.075664 
-221.933729 	 -26.124605 	 -65.796998 	 -1.599098 	 -0.190329 	 -0.477337 	 -0.020122 	 1.410595 
6.596890 	 4.098227 	 -5.798176 	 0.196352 	 -0.032324 	 1.093030 	 -1.772122 	 0.617156 
7.417298 	 3.039936 	 -5.162356 	 -0.465378 	 -0.436417 	 0.015295 	 -3.699717 	 0.203635 
-102.124439 	 170.126195 	 25.357278 	 -0.730185 	 1.219034 	 0.175449 	 -0.021778 	 1.024999 
8.124091 	 2.790414 	 -4.982113 	 0.259649 	 0.424402 	 -0.729134 	 -3.189729 	 0.389585 
7.343248 	 1.661949 	 -6.354529 	 -0.574094 	 0.727685 	 0.690564 	 -1.670963 	 0.667994 
10.525671 	 20.774299 	 4.419791 	 -0.067605 	 -0.159061 	 -0.218630 	 -0.175577 	 0.038835 
7.401277 	 2.259510 	 -5.123764 	 -0.700772 	 -0.372237 	 0.683449 	 -2.669073 	 0.548373 
8.037244 	 3.468872 	 -4.869517 	 -0.836643 	 -1.045595 	 -0.100479 	 -2.919857 	 0.901669 
6.818109 	 4.205413 	 -5.051739 	 0.341587 	 -0.807991 	 0.783543 	 -1.798141 	 0.691735 
7.775552 	 3.267060 	 -4.463819 	 0.063920 	 0.544307 	 -0.005744 	 -2.519351 	 0.150194 
7.430260 	 2.846287 	 -4.570764 	 -0.695589 	 0.450259 	 0.658598 	 -2.670527 	 0.560164 
-68.668607 	 139.136457 	 187.436435 	 -0.498587 	 0.999668 	 1.332839 	 -0.019785 	 1.512192 
-16.323129 	 -74.861261 	 96.306067 	 -0.097686 	 -0.512674 	 0.645351 	 -0.033235 	 0.344428 
-36.155850 	 152.773089 	 179.935703 	 -0.262715 	 1.101814 	 1.300006 	 -0.019222 	 1.486515 
6.461614 	 3.629169 	 -5.349948 	 -0.260015 	 0.760145 	 0.739982 	 -1.963367 	 0.596501 
-133.331017 	 85.588661 	 -143.856103 	 -0.958003 	 0.606987 	 -1.035941 	 -0.021023 	 1.179688 
7.135573 	 3.604095 	 -4.736845 	 0.825826 	 -0.071573 	 -1.412306 	 -2.310361 	 1.340860 
-163.472221 	 -66.081614 	 -2.964979 	 -1.163947 	 -0.475713 	 -0.033270 	 -0.025465 	 0.791090 
7.378081 	 2.745585 	 -5.015810 	 -1.346709 	 -0.015207 	 -0.098027 	 -3.441194 	 0.911732 
-123.038257 	 -53.078685 	 -58.646482 	 -0.855849 	 -0.420086 	 -0.367073 	 -0.036288 	 0.521846 
41.319595 	 -27.064037 	 3.351737 	 0.119505 	 -0.075817 	 -0.020690 	 -0.082761 	 0.010229 
-115.737646 	 -30.443819 	 -82.053282 	 -0.792497 	 -0.178469 	 -0.540651 	 -0.033556 	 0.476103 
7.051230 	 3.607384 	 -5.752366 	 -0.077029 	 0.268799 	 0.016665 	 -2.542591 	 0.039232 
7.106833 	 -4.885095 	 -6.467611 	 0.085023 	 0.353763 	 0.051827 	 -0.422315 	 0.067532 
7.862431 	 3.971512 	 -5.525288 	 -1.017541 	 -1.088855 	 1.064785 	 -2.542863 	 1.677381 
6.950211 	 -0.579438 	 -4.156976 	 0.337509 	 0.139434 	 0.122100 	 -0.834077 	 0.074131 
7.484349 	 3.127452 	 -5.882933 	 0.748001 	 -0.476485 	 0.341622 	 -3.400822 	 0.451624 
7.349725 	 2.623410 	 -4.768134 	 -1.086778 	 0.406303 	 -0.504070 	 -2.828985 	 0.800128 
8.297682 	 2.908651 	 -6.264456 	 0.398997 	 1.171012 	 -0.458951 	 -2.488759 	 0.870551 
7.898039 	 2.951144 	 -5.751585 	 -0.200714 	 -1.734862 	 0.270942 	 -3.556890 	 1.561720 
7.339585 	 1.891701 	 -5.730996 	 1.177460 	 0.074126 	 0.227169 	 -2.138296 	 0.721757 
10.456145 	 32.227507 	 -7.794710 	 0.047042 	 0.291622 	 -0.101743 	 -0.124758 	 0.048804 
8.256626 	 3.924150 	 -4.987806 	 0.039159 	 0.801427 	 0.051378 	 -2.346339 	 0.323229 
7.503833 	 2.261682 	 -5.653349 	 -0.089587 	 0.380071 	 0.156471 	 -2.778363 	 0.088482 
6.679099 	 3.031537 	 -5.416243 	 0.176498 	 -1.544822 	 -0.778711 	 -2.475255 	 1.512008 
7.348020 	 2.459405 	 -4.880974 	 -0.275406 	 0.064379 	 0.214742 	 -2.836315 	 0.063054 
44.978355 	 53.813681 	 163.425500 	 0.319416 	 0.386930 	 1.156345 	 -0.024953 	 0.794437 
7.317101 	 1.825295 	 -5.251241 	 0.260033 	 0.570632 	 -0.608370 	 -2.106551 	 0.381676 
8.542155 	 3.212073 	 -5.035460 	 -0.563309 	 0.066547 	 -0.686242 	 -2.622870 	 0.396337 
7.844759 	 4.992983 	 -8.145065 	 0.490390 	 -0.323572 	 0.491512 	 -0.973734 	 0.293382 
-98.086006 	 -125.852682 	 96.461551 	 -0.701603 	 -0.899633 	 0.691530 	 -0.023124 	 0.889900 
8.036507 	 3.518547 	 -6.127100 	 0.720369 	 -0.354939 	 0.559689 	 -2.625101 	 0.479082 
7.720583 	 2.738863 	 -6.706788 	 -0.526446 	 0.178239 	 -0.806635 	 -2.080436 	 0.479787 
8.014317 	 4.148813 	 -5.381194 	 1.256906 	 -0.105196 	 0.722427 	 -2.388500 	 1.056390 
7.106030 	 3.462394 	 -6.285161 	 -0.209708 	 -0.005560 	 -0.902776 	 -2.303419 	 0.429506 
8.980923 	 1.877378 	 -3.363394 	 0.774533 	 0.369789 	 0.642313 	 -1.171818 	 0.574606 
-13.440266 	 114.971582 	 -161.285111 	 -0.094532 	 0.818622 	 -1.153081 	 -0.022325 	 1.004337 
7.356357 	 3.548811 	 -5.616632 	 1.443196 	 0.121173 	 -0.715151 	 -3.028193 	 1.304469 
6.695566 	 4.962554 	 -8.204735 	 -0.370153 	 0.002798 	 0.222784 	 -0.938115 	 0.093327 
97.855124 	 18.228883 	 19.100232 	 0.647473 	 0.090993 	 0.145866 	 -0.057992 	 0.224389 
7.809715 	 1.917230 	 -4.349278 	 0.241327 	 0.240870 	 -0.550904 	 -1.826764 	 0.209876 
-82.198888 	 150.923127 	 45.910189 	 -0.576302 	 1.073289 	 0.320354 	 -0.024262 	 0.793349 
-178.426436 	 112.092411 	 -109.106982 	 -1.276148 	 0.727426 	 -0.850075 	 -0.039800 	 1.440165 
-164.311874 	 116.118612 	 109.885686 	 -1.185010 	 0.841138 	 0.793655 	 -0.019081 	 1.370824 
7.760431 	 3.749996 	 -6.730536 	 -0.287425 	 -0.736160 	 0.629236 	 -1.890538 	 0.510241 
7.473278 	 2.924339 	 -5.524766 	 -0.391756 	 0.706805 	 -0.896283 	 -3.792497 	 0.728185 
-18.291895 	 46.181845 	 150.447377 	 -0.117471 	 0.331605 	 1.055754 	 -0.027345 	 0.619189 
5.710207 	 1.967881 	 -5.124476 	 -0.696242 	 0.055215 	 0.243663 	 -1.339299 	 0.273586 
8.031617 	 3.012934 	 -5.338259 	 0.070695 	 1.569256 	 0.534532 	 -3.737991 	 1.376643 
-18.228083 	 -203.553574 	 5.113091 	 -0.142983 	 -1.464133 	 0.039670 	 -0.023076 	 1.082852 
7.879454 	 3.059658 	 -5.414986 	 0.436830 	 0.816690 	 -0.107885 	 -4.031471 	 0.434721 
4.998105 	 1.891265 	 -5.243017 	 0.480409 	 -0.506307 	 0.512728 	 -1.084034 	 0.375014 
-170.393756 	 30.511255 	 -77.555197 	 -1.205055 	 0.209002 	 -0.562121 	 -0.024151 	 0.905909 
7.868991 	 3.730054 	 -4.923311 	 0.544154 	 1.007100 	 0.335056 	 -2.758933 	 0.711308 
68.514163 	 81.161625 	 163.162378 	 0.498231 	 0.576484 	 1.164921 	 -0.023081 	 0.968805 
7.809813 	 3.312832 	 -6.570104 	 0.351365 	 0.566673 	 -1.210810 	 -2.221222 	 0.955318 
-194.751935 	 -2.582630 	 -28.885011 	 -1.403982 	 -0.018919 	 -0.221858 	 -0.023508 	 1.010372 
4.984917 	 2.519186 	 -2.541751 	 0.077417 	 -0.146613 	 -0.259661 	 -0.820912 	 0.047456 
8.782011 	 13.783878 	 -14.772319 	 0.011665 	 0.139887 	 -0.121695 	 -0.246464 	 0.017257 
7.599043 	 2.629915 	 -4.791201 	 -0.187794 	 0.525074 	 -0.011498 	 -3.027541 	 0.155551 
7.987685 	 3.863599 	 -4.889986 	 0.254306 	 0.781507 	 1.731993 	 -2.480691 	 1.837612 
6.545857 	 6.061703 	 -2.722153 	 0.320182 	 -0.116197 	 0.215979 	 -0.780020 	 0.081333 
51.158605 	 -7.054416 	 -156.426208 	 0.360331 	 -0.047799 	 -1.093797 	 -0.026672 	 0.664257 
7.498871 	 5.123732 	 -7.492948 	 0.611094 	 -0.314997 	 0.414988 	 -1.094400 	 0.322437 
8.866719 	 2.736877 	 -6.028858 	 -0.189605 	 0.386580 	 1.723626 	 -2.011470 	 1.578140 
8.019973 	 1.243702 	 -5.190661 	 -0.218265 	 -0.788816 	 -0.133808 	 -1.589194 	 0.343888 
7.608729 	 2.569185 	 -5.142714 	 0.999039 	 -1.339448 	 0.297263 	 -3.386634 	 1.440282 
6.432084 	 3.886649 	 -10.565835 	 0.072271 	 0.195834 	 0.243347 	 -0.630235 	 0.051396 
-99.920773 	 -14.300036 	 -68.851795 	 -0.691071 	 -0.096676 	 -0.472287 	 -0.037311 	 0.354991 
7.920726 	 3.053056 	 -5.410507 	 1.127627 	 0.098611 	 -1.751520 	 -3.973266 	 2.174544 
7.616737 	 3.273243 	 -5.285705 	 -0.257719 	 -0.827405 	 0.644994 	 -3.830263 	 0.583518 
8.361177 	 2.707932 	 -6.068132 	 0.697457 	 1.603176 	 -0.236361 	 -2.512798 	 1.556244 
8.550082 	 3.285906 	 -5.853531 	 0.316972 	 -0.293718 	 0.012213 	 -2.505208 	 0.093445 
8.608759 	 3.481026 	 -6.806699 	 0.554920 	 0.385672 	 0.383490 	 -1.703801 	 0.301872 
-7.664472 	 5.385419 	 -16.322128 	 -0.158136 	 0.077270 	 -0.132417 	 -0.188876 	 0.024256 
7.438833 	 4.597778 	 -4.179985 	 -0.631538 	 -0.253812 	 0.048935 	 -1.475184 	 0.232827 
-7.584246 	 -9.331243 	 -6.180436 	 -0.191298 	 -0.124066 	 -0.004587 	 -0.181678 	 0.026004 
7.438212 	 3.841103 	 -6.115107 	 -0.180380 	 -0.044141 	 0.584998 	 -2.322859 	 0.188354 
7.673186 	 2.909177 	 -5.255766 	 0.963296 	 -0.328076 	 1.462550 	 -3.981295 	 1.587312 
7.089556 	 2.750174 	 -5.107208 	 -0.361977 	 1.321668 	 -0.606116 	 -2.937769 	 1.122605 
7.300549 	 3.187032 	 -5.228922 	 -0.251403 	 0.475924 	 0.938070 	 -3.520126 	 0.584841 
7.901617 	 2.759795 	 -4.856133 	 -0.936597 	 0.173802 	 0.238638 	 -3.365176 	 0.482184 
99.923433 	 -20.978117 	 29.739720 	 0.634672 	 -0.131921 	 0.171352 	 -0.041310 	 0.224786 
7.770233 	 2.511798 	 -5.416033 	 1.402601 	 1.194484 	 -1.382533 	 -3.327966 	 2.652738 
8.684987 	 8.694993 	 -3.096320 	 0.339241 	 0.371341 	 0.234175 	 -0.546894 	 0.153908 
6.252680 	 0.893321 	 -3.823703 	 0.488857 	 0.435052 	 -0.100091 	 -1.049490 	 0.219135 
25.462949 	 -148.187901 	 85.378785 	 0.177728 	 -1.046263 	 0.601191 	 -0.025880 	 0.743843 
7.157323 	 2.559306 	 -4.803548 	 -1.213763 	 0.144247 	 0.449004 	 -2.670899 	 0.847815 
9.564949 	 7.346435 	 -2.674204 	 0.032758 	 0.437361 	 0.329686 	 -0.619366 	 0.150525 
7.598639 	 3.113617 	 -5.788319 	 1.303388 	 0.240178 	 0.656306 	 -3.699464 	 1.093621 
8.348120 	 2.800603 	 -5.510376 	 -0.397839 	 0.813509 	 0.380424 	 -2.932987 	 0.482398 
11.217208 	 2.311199 	 -8.745036 	 -0.424359 	 0.255413 	 0.649272 	 -0.681116 	 0.333435 
7.047610 	 3.309671 	 -5.114555 	 -0.453744 	 -0.745219 	 -1.329367 	 -2.841842 	 1.264225 
8.106136 	 2.497618 	 -5.126371 	 0.613350 	 0.170938 	 -0.120673 	 -2.900923 	 0.209990 
7.283735 	 3.660924 	 -5.185485 	 -0.411264 	 0.179411 	 -1.113171 	 -2.721594 	 0.720238 
6.846330 	 2.701272 	 -5.778968 	 0.424172 	 0.036411 	 -0.245255 	 -2.512503 	 0.120699 
172.165125 	 7.816096 	 -25.388447 	 1.211959 	 0.044183 	 -0.174481 	 -0.026117 	 0.750620 
98.016696 	 18.035685 	 18.841674 	 0.564204 	 0.133670 	 0.080321 	 -0.057901 	 0.171323 
7.881301 	 3.297599 	 -4.777697 	 -0.557715 	 -0.062111 	 -0.885586 	 -2.983691 	 0.549583 
8.473646 	 3.030581 	 -5.206905 	 -0.689353 	 0.431912 	 -0.321474 	 -2.823106 	 0.382551 
6.722889 	 3.082440 	 -5.095665 	 0.428018 	 0.111300 	 0.567748 	 -2.412713 	 0.258963 
-46.922160 	 51.429943 	 212.861437 	 -0.338690 	 0.359082 	 1.533848 	 -0.020796 	 1.298171 
63.142289 	 -47.778171 	 -23.933813 	 0.355971 	 -0.271335 	 -0.142929 	 -0.051564 	 0.110383 
7.395528 	 3.462805 	 -7.500008 	 0.724002 	 -0.584428 	 -0.108407 	 -1.427779 	 0.438744 
8.009419 	 2.617936 	 -5.133869 	 0.637601 	 1.995668 	 -0.099170 	 -3.194460 	 2.199530 
8.067320 	 3.055902 	 -5.535078 	 -0.274463 	 -0.876726 	 -0.169395 	 -3.610855 	 0.436336 
-37.221569 	 56.427645 	 63.388848 	 -0.230257 	 0.389720 	 0.412612 	 -0.044431 	 0.187574 
7.522388 	 3.318501 	 -5.027540 	 0.122757 	 -0.379202 	 0.092961 	 -3.312552 	 0.083753 
8.000725 	 3.746061 	 -5.113700 	 0.905900 	 0.031422 	 -0.125286 	 -2.792644 	 0.418669 
7.075991 	 2.844051 	 -6.546536 	 0.162570 	 1.056522 	 -1.260668 	 -2.082865 	 1.365976 
9.905140 	 4.238574 	 -4.376436 	 -0.245502 	 -0.142102 	 -0.397079 	 -1.165955 	 0.119068 
117.725791 	 91.803493 	 95.608759 	 0.835728 	 0.648132 	 0.671255 	 -0.024967 	 0.784550 
-17.852129 	 3.341952 	 -21.071158 	 -0.092048 	 0.024636 	 -0.110125 	 -0.123000 	 0.010604 
8.044668 	 4.045034 	 -3.338043 	 0.794496 	 -0.279197 	 -0.107028 	 -1.317205 	 0.360315 
7.935675 	 2.852322 	 -5.101501 	 0.038011 	 0.569923 	 0.067090 	 -3.529799 	 0.165379 
7.651495 	 2.440157 	 -7.100045 	 0.022311 	 0.529259 	 0.529947 	 -1.649649 	 0.280728 
-7.369359 	 104.683382 	 162.154127 	 -0.057918 	 0.740860 	 1.159223 	 -0.023360 	 0.948013 
15.764317 	 -74.883118 	 43.945737 	 0.106491 	 -0.426459 	 0.289905 	 -0.063612 	 0.138626 
3.034798 	 16.329201 	 -18.649786 	 0.026273 	 0.098849 	 -0.057832 	 -0.185229 	 0.006903 
160.319513 	 -75.079026 	 -52.147985 	 1.128043 	 -0.539395 	 -0.371890 	 -0.024532 	 0.850865 
-4.891459 	 1.395205 	 -23.291321 	 0.211978 	 0.046236 	 0.164433 	 -0.164688 	 0.037055 
2.847310 	 0.455720 	 -4.969942 	 -0.378603 	 -0.124800 	 0.359793 	 -0.600340 	 0.144183 
7.559324 	 3.169047 	 -5.206399 	 0.415673 	 -0.340361 	 0.833018 	 -3.854806 	 0.491274 
-17.613322 	 100.129245 	 199.655289 	 -0.115994 	 0.727460 	 1.439190 	 -0.020550 	 1.306960 
-32.865712 	 -31.885430 	 -190.026237 	 -0.241777 	 -0.221954 	 -1.356719 	 -0.022650 	 0.974203 
8.101747 	 0.481724 	 -3.150302 	 -0.388440 	 -0.198863 	 -0.354581 	 -0.940344 	 0.158080 
-71.517245 	 3.978418 	 -74.655458 	 -0.448076 	 0.013539 	 -0.476161 	 -0.040958 	 0.213842 
-153.326049 	 -29.792637 	 -132.557340 	 -1.096059 	 -0.201726 	 -0.951342 	 -0.022274 	 1.073544 
-151.430588 	 50.675595 	 -85.706888 	 -1.073913 	 0.339401 	 -0.592680 	 -0.030286 	 0.809876 
7.484512 	 3.064596 	 -5.303169 	 1.768950 	 -0.740217 	 0.309007 	 -3.895621 	 1.886296 
6.678858 	 3.941061 	 -3.804681 	 -0.791698 	 0.010359 	 0.781722 	 -1.398097 	 0.618991 
7.629779 	 2.404743 	 -5.595915 	 0.111795 	 -0.229772 	 -0.212580 	 -3.133302 	 0.055242 
19.341905 	 29.360785 	 15.533498 	 0.092903 	 0.003909 	 -0.036840 	 -0.106600 	 0.005002 
8.155890 	 3.583173 	 -4.812268 	 1.001701 	 -0.043315 	 -0.957294 	 -2.687544 	 0.960846 
7.141445 	 2.933174 	 -5.663927 	 -0.211775 	 0.031528 	 -1.260883 	 -3.238029 	 0.817835 
-7.447042 	 -273.830015 	 -11.331712 	 -0.054075 	 -1.992883 	 -0.082539 	 -0.016594 	 1.990660 
-193.673526 	 -92.247472 	 7.662890 	 -1.302423 	 -0.630523 	 0.053701 	 -0.053703 	 1.048374 
6.046788 	 -0.274185 	 -1.291801 	 0.288063 	 0.158647 	 0.140740 	 -0.601371 	 0.063978 
6.592851 	 1.071190 	 -4.079422 	 0.213306 	 0.146989 	 -0.490832 	 -1.196013 	 0.154010 
6.170625 	 3.127048 	 -5.029652 	 0.140362 	 -0.247454 	 0.789782 	 -1.789614 	 0.352345 
6.424059 	 2.360017 	 -6.620003 	 -0.126278 	 -0.402012 	 0.037727 	 -1.564888 	 0.089492 
7.785407 	 6.248525 	 -5.309518 	 -0.170061 	 0.776864 	 0.162249 	 -0.987463 	 0.329381 
75.144390 	 23.441146 	 189.646287 	 0.538242 	 0.172201 	 1.358825 	 -0.021720 	 1.082881 
7.959068 	 3.423530 	 -5.773679 	 -0.112474 	 -0.799557 	 -0.094794 	 -3.314392 	 0.330463 
8.757691 	 3.104207 	 -5.524003 	 -0.232608 	 -0.498159 	 -0.645178 	 -2.391142 	 0.359261 
46.325152 	 9.077888 	 -17.893340 	 0.106621 	 0.065145 	 -0.040840 	 -0.091540 	 0.008640 
25.133114 	 78.175972 	 46.313896 	 0.173743 	 0.473226 	 0.296349 	 -0.044904 	 0.170976 
7.612589 	 3.838699 	 -5.985194 	 0.420701 	 0.454162 	 -0.106082 	 -2.498160 	 0.197253 
5.842635 	 0.986785 	 -4.676837 	 -0.041845 	 0.204761 	 -0.198836 	 -1.093532 	 0.041607 
7.360604 	 2.873772 	 -5.557386 	 0.477205 	 0.184142 	 -1.024111 	 -3.591780 	 0.655218 
7.612240 	 2.667629 	 -5.093885 	 0.398667 	 -1.434022 	 -0.809041 	 -3.509627 	 1.434952 
90.904007 	 -5.946244 	 -25.116817 	 0.543601 	 -0.048967 	 -0.168565 	 -0.047387 	 0.163157 
9.479811 	 4.090201 	 -4.848144 	 0.059630 	 -0.434211 	 0.430548 	 -1.432886 	 0.188733 
7.843514 	 2.172386 	 -6.058505 	 1.464763 	 0.382296 	 -0.078266 	 -2.345228 	 1.148904 
7.517274 	 4.610872 	 -6.538966 	 0.263488 	 0.999775 	 -1.187099 	 -1.582131 	 1.239090 
6.272741 	 2.492501 	 -4.527856 	 0.427332 	 -0.364445 	 -0.128013 	 -1.645130 	 0.165910 
11.263875 	 1.422705 	 -3.465243 	 0.456790 	 0.398190 	 -0.028671 	 -0.750259 	 0.184017 
9.083158 	 3.273009 	 -6.795225 	 -0.691815 	 0.289500 	 0.491418 	 -1.528644 	 0.401955 
-117.357110 	 27.955607 	 15.130685 	 -0.773567 	 0.187549 	 0.043391 	 -0.049871 	 0.317732 
15.737167 	 -72.067245 	 55.968802 	 0.121673 	 -0.455343 	 0.319457 	 -0.044729 	 0.162097 
6.240152 	 2.408262 	 -8.249390 	 -0.384391 	 -0.230341 	 -0.276930 	 -0.998347 	 0.138752 
5.592132 	 2.580794 	 -6.000369 	 0.588436 	 -0.101324 	 0.873459 	 -1.370357 	 0.559727 
7.211262 	 2.632955 	 -5.089559 	 0.641909 	 0.264794 	 -0.800232 	 -3.103771 	 0.561267 
6.555645 	 2.160381 	 -7.994687 	 -0.231864 	 -0.421045 	 -0.501189 	 -1.079479 	 0.241115 
86.472686 	 14.532350 	 1.274697 	 0.505541 	 0.107971 	 0.001593 	 -0.050957 	 0.133616 
47.294853 	 96.601186 	 -64.355140 	 0.324175 	 0.638024 	 -0.431759 	 -0.035173 	 0.349290 
7.068342 	 3.050329 	 -5.438010 	 -0.295259 	 0.002933 	 0.017973 	 -3.207608 	 0.043755 
-4.287826 	 -96.509131 	 179.006304 	 -0.025019 	 -0.693550 	 1.280935 	 -0.021659 	 1.061215 
7.699649 	 2.717301 	 -5.867187 	 0.620895 	 -0.951008 	 0.397089 	 -3.273139 	 0.723803 
7.659873 	 2.751134 	 -5.032141 	 0.967426 	 -0.562470 	 -0.943337 	 -3.551452 	 1.071084 
8.331152 	 2.805663 	 -5.801539 	 0.337842 	 -0.330651 	 -0.284091 	 -2.839650 	 0.152087 
6.558457 	 2.951160 	 -5.351462 	 0.508484 	 0.078447 	 1.355060 	 -2.304901 	 1.050449 
75.626582 	 -7.492257 	 -17.067222 	 0.413036 	 -0.059471 	 -0.087370 	 -0.057092 	 0.090884 
7.364839 	 3.414334 	 -5.478530 	 -0.080576 	 -0.243627 	 0.583007 	 -3.354806 	 0.202872 
7.598287 	 3.147645 	 -5.794960 	 0.119372 	 0.623007 	 0.975292 	 -3.661202 	 0.676791 
8.364803 	 2.868481 	 -6.391058 	 -1.299250 	 -0.501884 	 -0.183377 	 -2.290002 	 0.986782 
8.047594 	 3.297481 	 -5.330074 	 0.653428 	 -1.471098 	 -0.057282 	 -3.660013 	 1.297189 
7.299010 	 2.181938 	 -4.208203 	 -0.141495 	 0.649809 	 0.331209 	 -1.850130 	 0.275986 
6.453777 	 3.951232 	 -5.043965 	 0.101469 	 -0.211533 	 0.279081 	 -1.744059 	 0.066464 
-89.039898 	 44.392765 	 -46.843217 	 -0.578966 	 0.289769 	 -0.309820 	 -0.037718 	 0.257578 
5.907385 	 2.740980 	 -6.448528 	 0.655707 	 0.498150 	 0.654852 	 -1.452625 	 0.553468 
120.705478 	 66.793504 	 -113.881047 	 0.849423 	 0.467087 	 -0.805269 	 -0.025114 	 0.794073 
7.271938 	 3.364211 	 -5.486850 	 0.593802 	 -0.467259 	 0.743710 	 -3.320528 	 0.562018 
7.601604 	 3.054028 	 -4.841018 	 -1.594299 	 -1.318411 	 0.377652 	 -3.242988 	 2.211309 
8.097870 	 2.889354 	 -6.577072 	 0.141832 	 0.225183 	 0.186229 	 -2.187448 	 0.052752 
7.835259 	 2.909839 	 -4.732708 	 -0.149714 	 0.511913 	 0.901912 	 -3.037820 	 0.548958 
8.498194 	 5.089067 	 -4.899549 	 0.290964 	 0.350432 	 -0.418901 	 -1.330852 	 0.191471 
7.115289 	 2.929879 	 -9.110201 	 0.318757 	 0.418681 	 -0.481015 	 -0.878427 	 0.254138 
16.140209 	 -140.092380 	 29.828847 	 0.094997 	 -0.941629 	 0.195312 	 -0.037599 	 0.466918 
7.027318 	 4.388138 	 -4.267037 	 -0.415168 	 0.530365 	 0.667504 	 -1.525093 	 0.449607 
7.585044 	 4.567986 	 -6.472928 	 -0.263414 	 -0.172928 	 0.360153 	 -1.624167 	 0.114501 
7.849983 	 3.668459 	 -5.581824 	 -0.342218 	 0.660223 	 -0.206507 	 -3.088721 	 0.297827 
7.876833 	 2.897481 	 -5.451300 	 1.012247 	 -0.261391 	 -0.103830 	 -3.812092 	 0.551875 
8.393438 	 0.266743 	 -5.839277 	 0.229148 	 -0.187406 	 0.112067 	 -1.080325 	 0.050094 
-133.911346 	 -2.837212 	 -98.364069 	 -0.926102 	 -0.007898 	 -0.704639 	 -0.027682 	 0.677121 
-50.624642 	 10.840079 	 4.986635 	 -0.197732 	 0.065487 	 0.019721 	 -0.065305 	 0.021888 
7.848248 	 3.242776 	 -5.218506 	 0.287205 	 -0.635165 	 -0.599762 	 -3.740092 	 0.422818 
-30.914688 	 92.645150 	 118.840797 	 -0.210263 	 0.648705 	 0.828651 	 -0.027990 	 0.575846 
7.766546 	 3.033157 	 -5.254933 	 0.803532 	 -1.148172 	 -0.534380 	 -3.985352 	 1.124763 
6.637157 	 4.351867 	 -11.958157 	 -0.119815 	 -0.020696 	 0.544466 	 -0.506218 	 0.155614 
-128.328291 	 68.503157 	 133.837921 	 -0.921677 	 0.496410 	 0.964315 	 -0.021858 	 1.012907 
8.119370 	 3.273570 	 -4.638377 	 0.554476 	 -0.148932 	 -1.082176 	 -2.661599 	 0.750365 
8.047071 	 3.979913 	 -5.375691 	 -0.695001 	 0.746361 	 -0.718340 	 -2.517093 	 0.778046 
8.745028 	 0.218517 	 -6.113711 	 0.354478 	 0.195616 	 0.101173 	 -1.019838 	 0.087078 
8.053528 	 3.376465 	 -5.813777 	 -0.233237 	 0.611986 	 0.260537 	 -3.217656 	 0.248403 
8.700675 	 4.188466 	 -6.862944 	 -0.112010 	 0.255717 	 0.762376 	 -1.437458 	 0.329578 
7.394932 	 2.998387 	 -6.711516 	 -0.248182 	 -0.507703 	 -0.406937 	 -2.074122 	 0.242477 
8.116361 	 1.975150 	 -5.854759 	 -0.547586 	 -0.129022 	 1.003077 	 -2.160590 	 0.661331 
7.414498 	 3.886741 	 -5.625105 	 0.974253 	 0.160688 	 0.370212 	 -2.538694 	 0.556023 
8.112300 	 3.529639 	 -5.567671 	 0.092643 	 0.520565 	 -0.362763 	 -3.087035 	 0.205584 
15.195431 	 -1.239123 	 2.056178 	 0.428233 	 -0.049683 	 0.055737 	 -0.305330 	 0.094479 
7.102612 	 3.086428 	 -5.913348 	 0.187597 	 -0.138076 	 1.214623 	 -2.878589 	 0.764783 
6.080006 	 2.622187 	 -3.735913 	 0.782942 	 0.288181 	 -0.655917 	 -1.281762 	 0.563137 
8.795564 	 2.154734 	 -7.308758 	 -0.275896 	 -0.337514 	 -0.444220 	 -1.311958 	 0.193683 
7.988824 	 3.331269 	 -5.354963 	 -1.025659 	 0.841265 	 -0.103456 	 -3.627784 	 0.885204 
8.008473 	 3.035575 	 -5.019764 	 -0.332475 	 -0.384578 	 -0.109842 	 -3.423227 	 0.135253 
8.153480 	 2.808893 	 -5.000576 	 -0.386808 	 0.373519 	 -0.011359 	 -3.177512 	 0.144633 
-232.984755 	 -5.115957 	 -39.691740 	 -1.681359 	 -0.032173 	 -0.297054 	 -0.019576 	 1.458122 
7.680980 	 2.820335 	 -5.409754 	 -0.103888 	 1.683368 	 -1.025191 	 -3.897339 	 1.947768 
11.631977 	 5.226442 	 -4.506613 	 -0.078011 	 0.152469 	 -0.367690 	 -0.725229 	 0.082264 
8.284764 	 2.881031 	 -5.768998 	 -0.336427 	 -0.509893 	 -0.643285 	 -2.975338 	 0.393495 
7.653081 	 3.166568 	 -5.319331 	 -0.222198 	 0.611845 	 0.020549 	 -4.061251 	 0.212074 
7.386556 	 2.553995 	 -5.071145 	 0.124814 	 1.370620 	 -0.248032 	 -3.154439 	 0.977848 
7.301938 	 3.510872 	 -6.213492 	 0.284680 	 0.388216 	 0.550798 	 -2.465886 	 0.267567 
7.726695 	 2.924718 	 -5.249492 	 -0.214615 	 1.348527 	 0.371621 	 -3.983939 	 1.001344 
9.981379 	 3.469614 	 -6.025525 	 0.829762 	 -0.007058 	 -0.322194 	 -1.313510 	 0.396182 
8.164342 	 2.928730 	 -5.864470 	 -0.290996 	 0.019097 	 -0.866484 	 -3.046387 	 0.417919 
9.657667 	 3.925442 	 -5.451277 	 0.990926 	 0.272516 	 0.083294 	 -1.434348 	 0.531569 
9.605378 	 5.009165 	 -7.885789 	 -0.110152 	 -0.047061 	 -0.329696 	 -0.899232 	 0.061524 
7.501195 	 2.541801 	 -5.621508 	 0.516234 	 -0.632937 	 -0.051196 	 -3.287022 	 0.334864 
9.851811 	 2.543455 	 -7.234154 	 -0.194585 	 0.082303 	 0.584460 	 -1.113106 	 0.193115 
7.375403 	 2.662690 	 -5.681038 	 -0.353406 	 0.042429 	 -0.870788 	 -3.249250 	 0.442484 
7.602701 	 3.417069 	 -5.460628 	 -0.226917 	 0.933288 	 0.261533 	 -3.559212 	 0.495458 
7.008205 	 2.669020 	 -4.579631 	 -1.097733 	 -0.989513 	 0.304693 	 -2.285750 	 1.138496 
7.633861 	 3.512768 	 -5.401923 	 -0.535593 	 -0.158530 	 -0.120242 	 -3.409253 	 0.163225 
8.185084 	 3.179352 	 -6.927522 	 -0.934886 	 -0.439890 	 -0.465166 	 -1.812462 	 0.641948 
7.992380 	 2.755078 	 -5.801587 	 -1.444872 	 0.142873 	 -0.131909 	 -3.195265 	 1.062733 
8.089079 	 7.994233 	 -7.202201 	 0.298837 	 -0.219760 	 0.199098 	 -0.633463 	 0.088619 
83.085017 	 23.589901 	 -51.709610 	 0.541783 	 0.126094 	 -0.294573 	 -0.047334 	 0.198101 
-220.944879 	 -81.425019 	 -39.482328 	 -1.607104 	 -0.582292 	 -0.288473 	 -0.019379 	 1.502531 
8.371854 	 4.305822 	 -2.091223 	 -0.265531 	 -0.376251 	 -1.154489 	 -0.900540 	 0.772459 
22.861827 	 11.688818 	 6.017382 	 0.030378 	 0.063266 	 -0.080394 	 -0.172895 	 0.005694 
4.694024 	 8.767383 	 -3.242452 	 0.219961 	 -0.263520 	 -0.114555 	 -0.495970 	 0.065474 
-125.746158 	 15.135070 	 -25.709984 	 -0.854305 	 0.103033 	 -0.192735 	 -0.032950 	 0.388800 
7.034444 	 2.016831 	 -3.702693 	 -0.198102 	 -0.051380 	 -0.437150 	 -1.437078 	 0.116492 
-17.912448 	 -218.299556 	 -7.202470 	 -0.126765 	 -1.540221 	 -0.062651 	 -0.026117 	 1.196137 
7.538151 	 3.170621 	 -5.140816 	 0.634988 	 -0.094752 	 -0.547442 	 -3.734510 	 0.355941 
6.986932 	 3.834092 	 -5.586857 	 0.390511 	 0.350888 	 -0.846528 	 -2.302362 	 0.496116 
147.049501 	 18.353118 	 170.563598 	 1.062252 	 0.133838 	 1.227925 	 -0.019721 	 1.327045 
6.909257 	 3.871091 	 -7.051651 	 0.687329 	 0.422367 	 0.035532 	 -1.510424 	 0.326039 
-81.474324 	 132.102763 	 158.757954 	 -0.574823 	 0.946741 	 1.148371 	 -0.020551 	 1.272749 
8.126345 	 4.051402 	 -5.382277 	 -0.077729 	 -1.196423 	 -0.873584 	 -2.380787 	 1.100309 
6.264018 	 2.856730 	 -7.331082 	 -0.032958 	 -0.322003 	 -0.307682 	 -1.295106 	 0.099720 
7.249428 	 2.652150 	 -5.150763 	 -0.346735 	 0.285775 	 -0.955502 	 -3.211340 	 0.557438 
6.903078 	 3.288881 	 -4.968124 	 0.165613 	 -0.711302 	 0.566015 	 -2.516926 	 0.426875 
7.806203 	 2.694552 	 -4.413261 	 0.143300 	 0.172072 	 0.171533 	 -2.449749 	 0.039784 
7.707030 	 3.808962 	 -5.686901 	 -0.675084 	 -0.713544 	 -0.963627 	 -2.832708 	 0.946730 
5.967041 	 3.395021 	 -5.316680 	 -0.748735 	 -0.055660 	 0.264031 	 -1.640189 	 0.316707 
6.764334 	 2.815003 	 -5.616580 	 0.277818 	 -0.050207 	 -0.411471 	 -2.538009 	 0.124506 
7.486424 	 3.593174 	 -5.385935 	 0.784247 	 0.516361 	 0.714914 	 -3.104831 	 0.696387 
5.528964 	 9.307399 	 -4.611985 	 -0.102821 	 -0.282056 	 -0.160427 	 -0.506634 	 0.057932 
-100.460310 	 -145.925425 	 5.338616 	 -0.713700 	 -1.032324 	 0.041127 	 -0.024472 	 0.788376 
-6.946541 	 93.064669 	 201.869811 	 -0.057179 	 0.669484 	 1.457057 	 -0.020671 	 1.287247 
7.216311 	 3.309574 	 -5.402328 	 0.258983 	 -0.942886 	 -0.887007 	 -3.333838 	 0.871444 
7.303105 	 1.495601 	 -5.335223 	 0.336101 	 1.059909 	 -0.278570 	 -1.794523 	 0.656987 
7.471727 	 3.423809 	 -5.625577 	 -0.837181 	 -0.281680 	 0.653695 	 -3.365314 	 0.603767 
7.586977 	 2.767704 	 -5.055210 	 -0.261008 	 0.545926 	 0.513898 	 -3.601939 	 0.315126 
-44.770174 	 17.881060 	 -55.547051 	 -0.217347 	 0.114273 	 -0.348186 	 -0.058474 	 0.090766 
7.514218 	 2.293223 	 -5.969783 	 -0.026956 	 0.734956 	 0.997553 	 -2.552594 	 0.768000 
-194.088202 	 -92.180214 	 7.760533 	 -1.494182 	 -0.643270 	 -0.051673 	 -0.046823 	 1.324523 
-178.341477 	 -51.383628 	 -44.721099 	 -1.273664 	 -0.360684 	 -0.324835 	 -0.023897 	 0.928915 
27.608960 	 78.572409 	 50.758572 	 0.180133 	 0.494116 	 0.291962 	 -0.043572 	 0.180921 
7.932582 	 3.307920 	 -5.665691 	 1.344364 	 -0.306459 	 0.337105 	 -3.595965 	 1.007436 
7.233954 	 2.979084 	 -5.719168 	 0.423013 	 0.431676 	 -0.670080 	 -3.395898 	 0.407146 
7.652443 	 2.467075 	 -5.627381 	 0.140039 	 -0.029654 	 0.482037 	 -3.233019 	 0.126425 
8.188537 	 3.507552 	 -4.866523 	 -0.087206 	 -0.082998 	 0.115121 	 -2.784874 	 0.013873 
-18.268402 	 2.974320 	 173.758427 	 -0.122645 	 0.020939 	 1.229370 	 -0.024859 	 0.763415 
-48.316951 	 42.508592 	 212.282837 	 -0.310889 	 0.297916 	 1.498751 	 -0.028822 	 1.215830 
11.436624 	 3.141608 	 -2.894002 	 0.449285 	 -0.227725 	 -0.017719 	 -0.735531 	 0.127015 
-0.752906 	 -110.170776 	 163.273458 	 -0.007283 	 -0.784873 	 1.166539 	 -0.022384 	 0.988446 
7.602875 	 2.623754 	 -4.323863 	 -0.955433 	 -0.746243 	 -0.966965 	 -2.288932 	 1.202376 
41.610240 	 64.896884 	 201.499014 	 0.299624 	 0.470630 	 1.448027 	 -0.020988 	 1.204025 
8.664340 	 3.161677 	 -5.144782 	 -0.832410 	 0.186469 	 0.536464 	 -2.525706 	 0.507736 
7.075365 	 5.201290 	 -6.845555 	 0.515297 	 -0.499999 	 0.347929 	 -1.182092 	 0.318292 
7.500836 	 1.241975 	 -6.674892 	 0.239931 	 -0.201522 	 -0.972366 	 -1.359023 	 0.521837 
7.865660 	 3.023866 	 -5.835770 	 0.462744 	 0.077100 	 -0.201260 	 -3.452643 	 0.130291 
11.682256 	 13.565058 	 13.373028 	 -0.025927 	 -0.056174 	 -0.190220 	 -0.164892 	 0.020006 
8.752975 	 2.681638 	 -4.726485 	 0.563778 	 0.153025 	 -0.058665 	 -2.108580 	 0.172352 
-212.284635 	 44.852014 	 -108.039079 	 -1.534113 	 0.329945 	 -0.777176 	 -0.018917 	 1.533185 
9.682912 	 1.922610 	 -7.165088 	 -0.029229 	 -0.278238 	 -0.290461 	 -1.099555 	 0.081319 
8.628497 	 3.427248 	 -5.328596 	 0.444614 	 -0.230167 	 -0.134378 	 -2.505095 	 0.134358 
9.623888 	 0.298010 	 -11.490330 	 -0.028767 	 0.036960 	 0.026423 	 -0.487233 	 0.001446 
7.243976 	 3.220784 	 -5.337124 	 -0.387078 	 1.649234 	 0.660806 	 -3.456742 	 1.653234 
10.031015 	 3.265050 	 -5.740358 	 0.403324 	 -0.229368 	 -0.034196 	 -1.331313 	 0.108225 
10.689038 	 4.935480 	 -5.482696 	 0.750541 	 0.546126 	 0.143833 	 -0.918249 	 0.441127 
9.177754 	 3.821575 	 -4.531920 	 0.259757 	 -0.487896 	 -0.532412 	 -1.598656 	 0.294490 
-8.831661 	 -62.890726 	 16.108429 	 -0.028222 	 -0.326879 	 0.074771 	 -0.056607 	 0.056618 
8.178451 	 3.025447 	 -2.709952 	 0.216098 	 -0.033317 	 -0.586532 	 -1.146530 	 0.195914 
7.690325 	 2.729488 	 -4.884447 	 -1.492928 	 1.009370 	 -1.147816 	 -3.264916 	 2.282571 
4.482744 	 4.396678 	 -4.769870 	 0.770794 	 -0.607472 	 -0.049630 	 -0.899908 	 0.482804 
7.570322 	 2.775142 	 -4.525784 	 -0.615495 	 -0.388232 	 -0.187786 	 -2.655534 	 0.282411 
4.840866 	 -2.429331 	 -5.129636 	 0.055629 	 0.481093 	 -0.057851 	 -0.538753 	 0.118946 
7.188049 	 6.855171 	 -6.976097 	 0.531629 	 0.097106 	 -0.090189 	 -0.789237 	 0.150097 
8.992229 	 0.635123 	 -3.053112 	 0.528860 	 -0.919216 	 0.499683 	 -0.898885 	 0.687168 
6.342850 	 2.785225 	 -7.691354 	 -0.223236 	 -0.017027 	 -0.682572 	 -1.190300 	 0.258015 
7.777710 	 3.403383 	 -5.478468 	 -0.587048 	 -0.166827 	 1.058860 	 -3.603776 	 0.746820 
7.687276 	 3.030549 	 -5.346501 	 0.459505 	 -0.692414 	 0.083652 	 -4.102264 	 0.348790 
7.653624 	 3.840183 	 -5.679844 	 0.759545 	 -0.078017 	 -0.258303 	 -2.791988 	 0.324858 
8.587624 	 1.616375 	 -5.768384 	 0.326755 	 0.204735 	 0.603125 	 -1.661822 	 0.256222 
7.538506 	 5.500665 	 -2.615771 	 0.295475 	 0.094417 	 -0.016946 	 -0.873612 	 0.048254 
7.596318 	 2.867048 	 -5.155798 	 -0.273908 	 -0.520286 	 -0.732945 	 -3.801223 	 0.441466 
8.326555 	 3.058922 	 -6.259970 	 -0.341230 	 -0.092063 	 0.096393 	 -2.443971 	 0.067103 
7.713627 	 3.557489 	 -5.973613 	 0.564894 	 1.158968 	 0.302594 	 -2.857995 	 0.876937 
2.248660 	 4.345162 	 -2.591122 	 0.294970 	 -0.069864 	 0.211621 	 -0.536736 	 0.068336 
6.804181 	 -0.531938 	 -3.744394 	 0.252218 	 0.632260 	 -0.266574 	 -0.809873 	 0.267214 
7.761739 	 3.016615 	 -5.677524 	 -1.070388 	 -0.153484 	 0.749590 	 -3.795338 	 0.865586 
7.868937 	 3.519277 	 -6.056378 	 -0.479199 	 0.097291 	 -0.058270 	 -2.789377 	 0.121246 
-17.578458 	 15.223402 	 -15.477917 	 -0.026181 	 0.044824 	 -0.065359 	 -0.123426 	 0.003483 
7.641991 	 2.968715 	 -5.726682 	 0.082221 	 -0.062195 	 -0.978264 	 -3.761999 	 0.483814 
9.726920 	 -3.778911 	 -6.102276 	 -0.179134 	 -0.013075 	 0.009389 	 -0.472210 	 0.016174 
-141.984133 	 -153.926305 	 65.041450 	 -1.028294 	 -1.113759 	 0.467221 	 -0.020073 	 1.258072 
7.263368 	 2.725210 	 -4.970949 	 -0.513072 	 0.100572 	 -0.650720 	 -3.130053 	 0.348397 
2.017434 	 62.985440 	 70.418192 	 0.020919 	 0.386664 	 0.440384 	 -0.042954 	 0.171942 
8.971791 	 1.750017 	 -4.719858 	 0.318381 	 0.285921 	 0.036592 	 -1.496506 	 0.092228 
7.134065 	 2.523525 	 -5.442351 	 0.013635 	 -0.545719 	 0.202822 	 -2.855124 	 0.169566 
8.822639 	 3.415002 	 -5.283140 	 -0.841675 	 -0.363651 	 -1.499102 	 -2.275398 	 1.543983 
7.465846 	 2.710363 	 -5.452310 	 1.087555 	 -0.758301 	 -0.145748 	 -3.524542 	 0.889519 
31.470038 	 -165.623278 	 -82.222032 	 0.228951 	 -1.177948 	 -0.588468 	 -0.023271 	 0.893137 
7.777306 	 3.360323 	 -5.329714 	 -0.063435 	 1.398217 	 0.101884 	 -3.705899 	 0.984708 
7.219487 	 3.093843 	 -4.874631 	 0.111155 	 -0.604274 	 -0.223190 	 -3.027188 	 0.213658 
7.880387 	 2.922723 	 -5.942193 	 -1.193697 	 -0.132473 	 -1.048439 	 -3.210600 	 1.270843 
8.332586 	 2.812310 	 -5.318689 	 -1.127380 	 0.225311 	 0.779871 	 -2.978571 	 0.964975 
7.824121 	 2.328562 	 -5.526594 	 0.909185 	 -0.530770 	 -0.514052 	 -2.916246 	 0.686292 
-19.579453 	 7.688524 	 82.118627 	 -0.120035 	 0.056903 	 0.493674 	 -0.044794 	 0.130680 
7.895618 	 2.742458 	 -4.853104 	 -0.304816 	 0.529293 	 0.036763 	 -3.350887 	 0.187208 
6.992821 	 3.779227 	 -5.988011 	 -0.278767 	 0.529399 	 0.106808 	 -2.225457 	 0.184691 
6.507714 	 2.612108 	 -5.243571 	 0.242272 	 0.789818 	 0.394948 	 -2.115773 	 0.419246 
155.834514 	 51.493904 	 -1.177326 	 1.119107 	 0.317514 	 0.012560 	 -0.052321 	 0.676686 
8.258433 	 3.541662 	 -3.839189 	 0.332896 	 -0.319725 	 0.310787 	 -1.678977 	 0.154816 
4.851549 	 4.148201 	 -2.517773 	 0.237958 	 0.257294 	 0.305264 	 -0.777373 	 0.108005 
-53.710559 	 -159.186068 	 12.238256 	 -0.369876 	 -1.125549 	 0.087762 	 -0.026094 	 0.705685 
7.763153 	 2.563323 	 -5.102263 	 -0.441995 	 0.830247 	 -1.496892 	 -3.286282 	 1.562678 
7.927214 	 3.128847 	 -5.113669 	 -0.679586 	 -0.144812 	 -0.681794 	 -3.680502 	 0.473825 
7.820640 	 3.571781 	 -5.684582 	 -0.482707 	 -0.189894 	 0.107076 	 -3.238915 	 0.140265 
8.698048 	 2.117880 	 -5.082614 	 0.042034 	 -0.601111 	 0.771212 	 -1.911316 	 0.478935 
7.141384 	 2.455395 	 -5.815955 	 -0.484271 	 0.415659 	 0.425821 	 -2.613312 	 0.294307 
8.519199 	 3.402027 	 -5.707548 	 0.732454 	 0.506089 	 1.249709 	 -2.589043 	 1.177194 
7.687351 	 3.553476 	 -5.313349 	 0.552959 	 -1.952127 	 0.345334 	 -3.300663 	 2.117909 
-48.550714 	 42.381559 	 212.747534 	 -0.371869 	 0.344703 	 1.571774 	 -0.028772 	 1.363791 
-107.047443 	 4.162755 	 -54.291879 	 -0.717806 	 0.010067 	 -0.362721 	 -0.035577 	 0.323457 
-62.672673 	 7.307097 	 -56.302680 	 -0.371726 	 0.038536 	 -0.335662 	 -0.048071 	 0.126167 
7.126229 	 3.402844 	 -6.161899 	 -0.064543 	 0.547664 	 -0.541288 	 -2.478659 	 0.298547 
40.873971 	 -154.548777 	 107.387917 	 0.287439 	 -1.091923 	 0.748694 	 -0.023820 	 0.917730 
6.905133 	 1.455808 	 -4.553024 	 0.064939 	 -1.336981 	 0.277802 	 -1.523309 	 0.934455 
7.688355 	 3.358146 	 -5.703500 	 0.831719 	 -0.816204 	 -0.716185 	 -3.506134 	 0.935434 
7.973850 	 3.329086 	 -5.228863 	 0.131005 	 -0.053303 	 -0.388694 	 -3.545289 	 0.085543 
7.708599 	 3.020140 	 -5.111127 	 -0.547036 	 0.335460 	 -0.677394 	 -3.816157 	 0.435322 
8.049905 	 3.197200 	 -4.108564 	 0.525109 	 -0.000031 	 1.504345 	 -2.028319 	 1.269397 
10.326329 	 2.974719 	 -6.895057 	 0.383293 	 0.245914 	 -0.405304 	 -1.067550 	 0.185829 
-17.457713 	 -218.891745 	 -6.762452 	 -0.118864 	 -1.596495 	 -0.027771 	 -0.026066 	 1.281847 
6.459131 	 1.810855 	 -5.786007 	 0.523984 	 0.245002 	 -0.699260 	 -1.614064 	 0.411775 
7.982807 	 3.370123 	 -5.922555 	 -0.647659 	 0.701413 	 -0.011787 	 -3.136535 	 0.455790 
8.169048 	 3.823837 	 -5.752469 	 -0.084480 	 0.209388 	 -1.101445 	 -2.517412 	 0.632081 
8.700512 	 3.171458 	 -6.406140 	 -0.331253 	 -0.099798 	 0.395358 	 -1.981561 	 0.137998 
155.820303 	 51.674799 	 -1.194239 	 1.066140 	 0.385851 	 -0.038301 	 -0.052313 	 0.643501 
37.142312 	 -153.074089 	 101.903134 	 0.272878 	 -1.095757 	 0.724449 	 -0.024476 	 0.899986 
7.682624 	 2.664387 	 -5.681201 	 0.427244 	 -0.825154 	 0.530685 	 -3.446060 	 0.572522 
7.706268 	 2.509378 	 -5.274641 	 0.405056 	 -0.742539 	 -1.304997 	 -3.343927 	 1.209226 
6.733057 	 2.883946 	 -5.389173 	 0.897516 	 -0.329188 	 -1.317952 	 -2.536917 	 1.325449 
6.617068 	 2.673590 	 -5.633707 	 0.337773 	 0.188116 	 0.122294 	 -2.281487 	 0.082217 
7.722294 	 3.300163 	 -5.060561 	 0.027783 	 -0.342166 	 1.385527 	 -3.451010 	 1.018767 
5.386332 	 4.390830 	 -4.628912 	 -0.006986 	 -0.236095 	 0.487941 	 -1.106555 	 0.146938 
8.255617 	 3.022610 	 -5.158672 	 -0.931432 	 -1.533698 	 -0.850404 	 -3.251388 	 1.971491 
7.730408 	 3.534997 	 -5.388266 	 0.454323 	 -1.511435 	 -0.307054 	 -3.386470 	 1.292563 
8.377362 	 2.998826 	 -6.046408 	 1.494984 	 0.047377 	 0.460108 	 -2.599861 	 1.224461 
8.600777 	 2.390089 	 -7.054821 	 -0.089883 	 0.003092 	 0.300997 	 -1.519291 	 0.049344 
7.594612 	 3.148093 	 -5.361260 	 0.280214 	 0.233190 	 0.582884 	 -4.083436 	 0.236326 
7.695842 	 1.661668 	 -3.723597 	 -0.041411 	 -0.542492 	 0.304108 	 -1.404154 	 0.194247 
4.740154 	 2.999108 	 -11.091028 	 -0.099671 	 0.099976 	 0.151925 	 -0.528955 	 0.021505 
7.626911 	 2.701614 	 -5.813452 	 -0.745741 	 -0.317256 	 -0.396813 	 -3.334566 	 0.407121 
-36.937509 	 57.493894 	 64.918934 	 -0.198944 	 0.333129 	 0.394856 	 -0.043872 	 0.153232 
7.835967 	 3.341805 	 -4.363173 	 -1.294276 	 0.001932 	 0.977645 	 -2.350934 	 1.315472 
7.951456 	 2.990619 	 -5.168806 	 -1.272880 	 -0.038289 	 1.185562 	 -3.698975 	 1.513624 
95.547611 	 16.742095 	 20.803677 	 0.611337 	 0.159773 	 0.075108 	 -0.047800 	 0.202451 
5.187526 	 2.803273 	 -4.813244 	 0.374871 	 -0.023884 	 -0.160217 	 -1.199247 	 0.083384 
7.885616 	 3.329442 	 -5.923073 	 1.011309 	 -1.239123 	 0.236145 	 -3.196935 	 1.306968 
7.482454 	 2.142657 	 -5.562472 	 -0.378784 	 1.075411 	 -0.162714 	 -2.601045 	 0.663231 
6.954213 	 3.739390 	 -5.359001 	 1.340925 	 -0.627092 	 0.015267 	 -2.396906 	 1.095779 
7.412898 	 4.665470 	 -6.772812 	 0.479328 	 -0.952099 	 0.447651 	 -1.463071 	 0.668319 
-193.855085 	 -92.208904 	 7.573180 	 -1.386080 	 -0.692915 	 0.134797 	 -0.058212 	 1.209759 
7.721906 	 2.289503 	 -5.933366 	 0.225910 	 -0.282954 	 0.411551 	 -2.626711 	 0.150236 
8.141561 	 3.206595 	 -5.394533 	 -0.389119 	 0.740519 	 -0.853318 	 -3.453200 	 0.713967 
8.377369 	 3.783112 	 -4.652774 	 -0.257388 	 -0.206503 	 0.584979 	 -2.170474 	 0.225546 
7.759889 	 3.143567 	 -6.098454 	 0.215804 	 -1.002756 	 0.768730 	 -2.992048 	 0.821519 
12.983946 	 4.475434 	 -4.644919 	 -0.364717 	 0.183326 	 0.365850 	 -0.610570 	 0.150236 
46.787346 	 -135.726914 	 101.662510 	 0.337267 	 -0.966793 	 0.711340 	 -0.025296 	 0.777221 
9.255621 	 3.778171 	 -6.165931 	 -0.342633 	 0.311014 	 0.512427 	 -1.587655 	 0.238355 
8.850906 	 2.806814 	 -5.511211 	 -0.827953 	 -0.797607 	 0.592894 	 -2.233099 	 0.836603 
7.594262 	 3.140504 	 -6.014608 	 -0.241144 	 -0.070111 	 -0.485139 	 -3.166722 	 0.149213 
7.334054 	 3.521116 	 -5.211574 	 -1.376279 	 0.011023 	 0.737429 	 -3.002111 	 1.219034 
8.181094 	 2.297968 	 -4.325804 	 -1.422250 	 -0.421785 	 -0.217567 	 -1.974893 	 1.124017 
5.050260 	 13.008929 	 -7.799989 	 -0.039219 	 -0.206823 	 -0.021419 	 -0.327517 	 0.022386 
16.274850 	 -75.328240 	 44.021562 	 0.160069 	 -0.507236 	 0.136306 	 -0.096421 	 0.150745 
9.631218 	 40.229807 	 81.386030 	 0.081714 	 0.253976 	 0.490150 	 -0.044133 	 0.155714 
108.647141 	 27.430369 	 202.888813 	 0.784623 	 0.197544 	 1.462581 	 -0.019357 	 1.396900 
28.804491 	 -208.835224 	 51.062176 	 0.204317 	 -1.500509 	 0.374146 	 -0.020890 	 1.216630 
14.312657 	 6.866003 	 -6.303826 	 -0.038339 	 0.042310 	 -0.260514 	 -0.446547 	 0.035564 
7.540851 	 2.181337 	 -4.693370 	 -1.512944 	 0.304062 	 -1.054366 	 -2.316576 	 1.746570 
7.681512 	 2.942766 	 -5.658803 	 -0.272117 	 0.067866 	 0.117275 	 -3.833384 	 0.046203 
100.499472 	 -67.280896 	 72.823220 	 0.698061 	 -0.451778 	 0.496831 	 -0.030565 	 0.469117 
6.800205 	 -1.779073 	 10.469134 	 -0.012556 	 -0.083053 	 0.243147 	 -0.213877 	 0.033088 
7.727123 	 3.632740 	 -5.715347 	 1.200215 	 0.378917 	 0.389465 	 -3.078094 	 0.867889 
7.582508 	 3.947942 	 -5.935765 	 -0.299434 	 -0.696590 	 -0.138525 	 -2.392102 	 0.297044 
7.283900 	 2.537635 	 -5.171283 	 -0.663454 	 0.214838 	 -1.857220 	 -3.107030 	 1.967795 
6.997119 	 1.255442 	 -3.381101 	 0.033472 	 -0.211203 	 0.574626 	 -1.132801 	 0.187961 
7.347648 	 4.125945 	 -6.248252 	 0.210076 	 0.848355 	 -0.371117 	 -1.942909 	 0.450783 
189.367357 	 -56.237568 	 -4.687131 	 1.346767 	 -0.412128 	 -0.034075 	 -0.022785 	 0.992396 
9.693475 	 3.938705 	 -7.889211 	 0.632072 	 0.103612 	 -0.521318 	 -0.993550 	 0.341012 
16.901216 	 -74.657910 	 43.356080 	 0.152616 	 -0.464593 	 0.228413 	 -0.060051 	 0.145655 
5.354125 	 2.392139 	 -6.868427 	 0.243835 	 -0.199602 	 -0.185054 	 -1.110300 	 0.066771 
-67.790443 	 20.825922 	 -71.082490 	 -0.432953 	 0.139707 	 -0.431657 	 -0.042102 	 0.196647 
7.541605 	 2.849265 	 -5.674617 	 0.627935 	 -0.357131 	 -0.232149 	 -3.655187 	 0.287869 
7.634806 	 2.495408 	 -5.420362 	 1.118275 	 -0.286709 	 1.094022 	 -3.304942 	 1.264812 
8.290741 	 2.542126 	 -5.158669 	 0.671036 	 1.163469 	 -0.254472 	 -2.733318 	 0.934352 
5.443098 	 2.315724 	 -4.543660 	 0.245686 	 0.261582 	 0.641692 	 -1.226861 	 0.270278 
8.101723 	 3.511587 	 -5.131889 	 0.307764 	 -0.401484 	 -0.650907 	 -3.070973 	 0.339793 
27.787809 	 11.163825 	 0.590502 	 0.239653 	 0.038662 	 0.068851 	 -0.160947 	 0.031834 
7.890662 	 3.624796 	 -5.699757 	 0.158300 	 0.668941 	 -0.777122 	 -3.197657 	 0.538230 
9.396863 	 3.017779 	 -4.258103 	 -0.528485 	 0.012593 	 -0.872745 	 -1.473381 	 0.520569 
7.878505 	 2.621264 	 -6.072259 	 0.369657 	 1.477162 	 0.007452 	 -2.809040 	 1.159355 
8.428042 	 2.833582 	 -5.689962 	 0.512457 	 -0.205742 	 0.731202 	 -2.759217 	 0.419799 
67.193689 	 145.775347 	 -26.978301 	 0.475809 	 1.016404 	 -0.192348 	 -0.027113 	 0.648235 
7.500361 	 2.802735 	 -6.159359 	 -0.325337 	 0.880462 	 0.041835 	 -2.889756 	 0.441404 
7.418567 	 4.440569 	 -5.586586 	 -0.289216 	 1.094604 	 0.002517 	 -1.874058 	 0.640905 
7.767181 	 2.503434 	 -5.526428 	 -0.832589 	 0.046354 	 0.057047 	 -3.356015 	 0.349304 
11.426343 	 4.623981 	 -8.882788 	 -0.170565 	 0.134205 	 0.097730 	 -0.636774 	 0.028327 
-175.447629 	 -93.469816 	 9.194910 	 -1.278475 	 -0.656363 	 0.060626 	 -0.023110 	 1.034493 
6.745422 	 3.536716 	 -4.995523 	 -1.099671 	 -0.330290 	 0.288237 	 -2.195371 	 0.700724 
7.562949 	 2.549594 	 -5.228317 	 0.928176 	 1.331525 	 0.187227 	 -3.356706 	 1.334762 
8.155010 	 1.704939 	 -6.871217 	 0.408079 	 -0.783977 	 -0.764574 	 -1.485699 	 0.682861 
7.364727 	 3.141531 	 -5.683710 	 -0.277033 	 -0.492610 	 -0.620184 	 -3.531923 	 0.352020 
-196.877619 	 -18.228129 	 -130.538752 	 -1.416554 	 -0.124661 	 -0.950731 	 -0.019478 	 1.463027 
7.518972 	 2.345900 	 -6.349523 	 0.059615 	 0.669600 	 -0.160206 	 -2.227297 	 0.238792 
156.324554 	 -48.200491 	 -84.532806 	 1.111493 	 -0.329672 	 -0.597878 	 -0.024439 	 0.850779 
-121.199311 	 10.515885 	 -33.044911 	 -0.815954 	 0.083793 	 -0.243728 	 -0.033822 	 0.366102 
59.555073 	 -72.780161 	 29.783245 	 0.385642 	 -0.454358 	 0.174584 	 -0.042406 	 0.192821 
8.076030 	 3.477000 	 -5.898840 	 -0.915536 	 -1.217858 	 -0.405276 	 -2.975937 	 1.242817 
12.143871 	 6.483781 	 -6.392981 	 -0.399154 	 -0.290396 	 0.068735 	 -0.592487 	 0.124189 
43.830402 	 85.376178 	 -94.548725 	 0.298770 	 0.572208 	 -0.642146 	 -0.032794 	 0.414518 
11.046362 	 4.126347 	 0.446535 	 -0.073965 	 -0.056491 	 -0.618345 	 -0.497991 	 0.195506 
6.288539 	 2.521417 	 -4.959538 	 -1.632967 	 -0.335072 	 -0.056180 	 -1.889763 	 1.391005 
193.404133 	 9.689631 	 -85.758967 	 1.390235 	 0.074646 	 -0.608325 	 -0.021369 	 1.154192 
8.197792 	 3.059741 	 -5.457056 	 0.084089 	 0.891155 	 -0.055626 	 -3.362430 	 0.402161 
-118.724176 	 -30.233410 	 -81.551804 	 -0.835309 	 -0.228025 	 -0.586158 	 -0.039327 	 0.546659 
7.480597 	 2.337106 	 -5.740899 	 1.254238 	 0.470655 	 -0.526085 	 -2.819504 	 1.035697 
7.443134 	 2.532804 	 -5.614179 	 0.924471 	 0.127356 	 1.562373 	 -3.226351 	 1.655938 
5.497208 	 2.697060 	 -8.482145 	 -0.384234 	 -0.371656 	 -0.243492 	 -0.861788 	 0.172526 
6.954803 	 5.086760 	 -9.559070 	 0.040118 	 0.152967 	 -0.344960 	 -0.717987 	 0.072003 
7.093066 	 3.236662 	 -5.347190 	 0.753596 	 -1.487748 	 -0.774332 	 -3.197556 	 1.690446 
9.487506 	 3.395946 	 -6.110231 	 0.175336 	 0.478991 	 -0.463121 	 -1.557640 	 0.237328 
6.120211 	 3.018290 	 -5.918593 	 1.012436 	 -0.222564 	 -0.355225 	 -1.793194 	 0.600373 
-24.592027 	 101.551338 	 -30.439788 	 -0.154779 	 0.656947 	 -0.199946 	 -0.038423 	 0.247757 
7.714902 	 7.640408 	 -0.170694 	 0.248774 	 0.213071 	 -0.049131 	 -0.490183 	 0.054851 
8.257791 	 3.258638 	 -5.878182 	 -0.503098 	 0.942273 	 -0.240465 	 -2.880488 	 0.599405 
8.084364 	 3.133146 	 -5.768650 	 -0.399964 	 -0.083773 	 -0.588778 	 -3.328869 	 0.256824 
7.921549 	 5.282570 	 -6.334085 	 -0.290686 	 -1.134524 	 -0.305473 	 -1.276921 	 0.732478 
9.863671 	 2.739828 	 -5.803125 	 0.144145 	 0.287992 	 -0.517822 	 -1.390101 	 0.185929 
8.424503 	 3.916685 	 -4.782612 	 -0.270988 	 -0.136604 	 0.149917 	 -2.119786 	 0.057285 
8.408221 	 3.263178 	 -6.578849 	 0.737316 	 -1.144899 	 -0.224446 	 -2.017694 	 0.952402 
-45.461296 	 17.270988 	 -56.104208 	 -0.230540 	 0.107876 	 -0.314731 	 -0.058039 	 0.081921 
60.456914 	 -103.379363 	 34.095073 	 0.412088 	 -0.687748 	 0.238978 	 -0.034299 	 0.349962 
-20.408547 	 -126.095095 	 18.601712 	 -0.114264 	 -0.849539 	 0.164625 	 -0.039914 	 0.380937 
-100.814689 	 -26.419874 	 220.967835 	 -0.729008 	 -0.189294 	 1.605522 	 -0.018068 	 1.572494 
9.880160 	 3.000031 	 -5.310772 	 -0.099154 	 0.369742 	 -0.881665 	 -1.410114 	 0.461937 
8.060233 	 2.934919 	 -3.596650 	 1.015727 	 -0.124271 	 0.418532 	 -1.600487 	 0.611157 
7.263715 	 3.358027 	 -5.800372 	 0.291396 	 -0.249339 	 -0.041372 	 -3.046421 	 0.074397 
8.766994 	 6.292578 	 -4.011712 	 0.253695 	 0.268632 	 -0.119172 	 -0.876659 	 0.075363 
11.399967 	 1.030865 	 -8.461721 	 -0.415603 	 0.252348 	 0.020621 	 -0.638953 	 0.118415 
5.329727 	 4.816587 	 -2.891230 	 -0.009240 	 0.194675 	 -0.069780 	 -0.833909 	 0.021426 
-139.363476 	 70.491090 	 -28.240267 	 -0.976075 	 0.485333 	 -0.209607 	 -0.027209 	 0.616102 
-15.669881 	 206.595723 	 78.553405 	 -0.105774 	 1.489260 	 0.558205 	 -0.020153 	 1.270337 
27.516645 	 -45.703407 	 25.433373 	 0.142105 	 -0.202970 	 0.103688 	 -0.064745 	 0.036071 
70.606713 	 40.118125 	 101.185115 	 0.479800 	 0.276208 	 0.684939 	 -0.033133 	 0.387820 
8.158839 	 2.355446 	 -6.534397 	 0.412063 	 1.432675 	 -0.085149 	 -1.987474 	 1.114802 
16.361347 	 -75.379134 	 43.959755 	 -0.029178 	 -0.432794 	 0.391487 	 -0.095781 	 0.170712 
7.398684 	 2.895231 	 -6.116640 	 0.840937 	 -0.531283 	 0.526775 	 -2.915339 	 0.633464 
16.524406 	 7.914973 	 -1.294061 	 0.051875 	 0.143425 	 -0.130662 	 -0.319939 	 0.020167 
-34.232538 	 -183.785822 	 -30.587278 	 -0.241035 	 -1.310059 	 -0.209170 	 -0.023580 	 0.909052 
7.369687 	 2.755943 	 -5.081085 	 0.534606 	 0.171756 	 0.201720 	 -3.478625 	 0.177997 
163.808505 	 -90.487469 	 -33.328226 	 1.159396 	 -0.649073 	 -0.242433 	 -0.023735 	 0.912134 
7.956797 	 3.214699 	 -5.298383 	 0.909852 	 -0.083829 	 0.121487 	 -3.765130 	 0.424809 
8.131989 	 3.408295 	 -5.909588 	 -0.726262 	 0.287105 	 0.731796 	 -2.963156 	 0.572705 
7.230744 	 3.028118 	 -5.141755 	 -0.000319 	 0.982162 	 -0.272009 	 -3.321869 	 0.519316 
-20.489625 	 -125.707608 	 19.080890 	 -0.153724 	 -0.864981 	 0.096916 	 -0.039972 	 0.390608 
7.739736 	 2.591375 	 -6.086952 	 0.167364 	 0.335035 	 -0.257758 	 -2.868246 	 0.103349 
-24.722455 	 150.728184 	 164.953614 	 -0.182079 	 1.078903 	 1.197144 	 -0.020260 	 1.315170 
8.356199 	 3.034345 	 -5.298809 	 0.054971 	 0.560498 	 -1.012743 	 -3.056262 	 0.671414 
3.378871 	 -62.944517 	 73.017987 	 0.033216 	 -0.404810 	 0.451891 	 -0.041339 	 0.184590 
7.814247 	 1.355269 	 -4.735761 	 -0.311610 	 -1.156655 	 0.314364 	 -1.611004 	 0.766888 
7.962234 	 0.912309 	 -4.345924 	 0.069072 	 0.545245 	 -0.208382 	 -1.288296 	 0.172743 
7.219432 	 3.022201 	 -5.710780 	 0.311859 	 -1.322338 	 0.333008 	 -3.382575 	 0.978363 
-170.362252 	 3.073865 	 -127.665730 	 -1.218836 	 0.014351 	 -0.915627 	 -0.021709 	 1.162070 
9.143342 	 4.771877 	 -8.217699 	 0.242943 	 0.152968 	 0.342508 	 -0.921157 	 0.099866 
6.303110 	 1.101854 	 -7.172698 	 -0.058225 	 0.089361 	 0.316203 	 -1.057617 	 0.055680 
8.974962 	 3.131136 	 -2.216132 	 -0.309429 	 -0.224573 	 0.894777 	 -0.941149 	 0.473403 
8.044124 	 2.399903 	 -4.238832 	 0.047065 	 0.299422 	 0.390213 	 -2.010809 	 0.122067 
83.187388 	 22.193636 	 -52.519526 	 0.502363 	 0.131826 	 -0.357497 	 -0.047242 	 0.198775 
-3.439315 	 -14.610227 	 -17.576212 	 0.040524 	 0.072943 	 -0.029917 	 -0.149673 	 0.003929 
8.023327 	 2.091259 	 -12.663305 	 0.151673 	 -0.109987 	 -0.254813 	 -0.466487 	 0.050016 
-68.100305 	 136.235683 	 184.805338 	 -0.483677 	 0.997994 	 1.352710 	 -0.020100 	 1.529880 
7.498755 	 3.280486 	 -5.528687 	 -0.690428 	 1.002812 	 0.164026 	 -3.705027 	 0.754614 
8.191196 	 3.498143 	 -4.536838 	 0.412118 	 -0.355316 	 -0.518119 	 -2.366537 	 0.282269 
7.705327 	 4.066874 	 -4.865196 	 0.543128 	 1.177279 	 0.616972 	 -2.198995 	 1.030815 
7.878757 	 5.462017 	 -6.007685 	 0.124242 	 -0.000121 	 -0.079387 	 -1.239319 	 0.010869 
5.977445 	 3.326733 	 -6.332438 	 0.015590 	 -0.813551 	 -0.326727 	 -1.531601 	 0.384429 
7.910484 	 3.335420 	 -5.587190 	 1.802983 	 0.033691 	 0.787948 	 -3.639435 	 1.936372 
7.661242 	 2.954800 	 -6.860023 	 0.525860 	 -0.536317 	 0.293553 	 -1.954685 	 0.325169 
-201.510651 	 -29.442438 	 -35.869333 	 -1.449296 	 -0.203158 	 -0.273502 	 -0.022525 	 1.108268 
7.879447 	 2.941370 	 -4.471593 	 -0.241053 	 1.223796 	 -0.867209 	 -2.572719 	 1.153917 
-0.319909 	 -1.691457 	 -4.034033 	 0.227641 	 0.035457 	 -0.180767 	 -0.364392 	 0.042877 
0.478235 	 -0.807649 	 -0.231925 	 -0.128842 	 -0.208117 	 0.358513 	 -0.355449 	 0.094222 
97.163673 	 57.173679 	 -53.400278 	 0.655094 	 0.362192 	 -0.356596 	 -0.036066 	 0.343746 
6.607141 	 5.551726 	 -8.748098 	 0.029609 	 0.237252 	 -0.414829 	 -0.774100 	 0.114624 
7.237611 	 3.204580 	 -5.157415 	 0.733669 	 1.522070 	 -0.388601 	 -3.297851 	 1.502989 
8.075195 	 2.112794 	 -3.469123 	 0.006001 	 0.045014 	 -0.488427 	 -1.396760 	 0.120311 
7.279886 	 3.721388 	 -4.390561 	 0.545965 	 0.627340 	 -0.709959 	 -2.039970 	 0.597838 
8.253758 	 2.781965 	 -6.046671 	 0.529128 	 -0.324022 	 -0.351645 	 -2.683025 	 0.254311 
11.964804 	 7.156826 	 -0.229918 	 -0.226486 	 -0.186347 	 -0.241898 	 -0.436334 	 0.072268 
-200.485281 	 -28.971137 	 104.863198 	 -1.450139 	 -0.207659 	 0.753470 	 -0.019199 	 1.356871 
8.127037 	 3.563039 	 -6.254644 	 -0.029355 	 -0.863923 	 0.734863 	 -2.374417 	 0.643625 
8.158916 	 3.113125 	 -4.890235 	 -0.501031 	 -0.914406 	 -0.552547 	 -3.022560 	 0.696239 
7.191849 	 2.813425 	 -5.599011 	 0.804934 	 0.331076 	 0.747293 	 -3.238844 	 0.657988 
8.208916 	 3.477018 	 -5.118456 	 0.516785 	 -0.684274 	 -0.812068 	 -2.975859 	 0.697376 
7.986120 	 4.131552 	 -5.380652 	 -1.396540 	 -1.125197 	 -0.146855 	 -2.419349 	 1.618979 
20.130569 	 23.007997 	 -10.614619 	 0.031725 	 0.030935 	 -0.023541 	 -0.150489 	 0.001259 
7.671405 	 2.636150 	 -6.102929 	 0.577484 	 -0.465331 	 0.058976 	 -2.922624 	 0.276750 
8.776385 	 3.405689 	 -4.125594 	 -0.044247 	 -0.437912 	 -1.012819 	 -1.702374 	 0.609764 
8.196710 	 2.772276 	 -4.653212 	 -0.916137 	 0.168424 	 1.180611 	 -2.590627 	 1.130759 
7.515916 	 3.120575 	 -5.404199 	 -1.398480 	 0.992819 	 -1.183422 	 -3.950462 	 2.170962 
7.512927 	 2.460072 	 -6.608175 	 -0.534794 	 -0.352703 	 0.066951 	 -2.059224 	 0.207443 
7.032136 	 3.416008 	 -5.015371 	 0.002075 	 -0.154945 	 0.507481 	 -2.639304 	 0.140775 
7.207140 	 3.297244 	 -5.629063 	 -0.104484 	 1.163749 	 -0.906783 	 -3.218026 	 1.093743 
7.653669 	 2.198040 	 -5.519811 	 0.270912 	 -0.150437 	 0.328388 	 -2.728026 	 0.101932 
5.788990 	 4.341226 	 -5.405895 	 0.987618 	 -0.345869 	 -0.088497 	 -1.300967 	 0.551423 
8.161808 	 3.631132 	 -4.984631 	 0.180560 	 -0.174991 	 -0.533810 	 -2.789345 	 0.174088 
8.085736 	 3.684647 	 -4.036878 	 0.598476 	 0.616711 	 -0.060199 	 -1.817164 	 0.371065 
-2.228659 	 -109.388725 	 51.510403 	 -0.002922 	 -0.734573 	 0.338337 	 -0.034712 	 0.327039 
7.617327 	 3.161511 	 -4.958038 	 -0.309831 	 -1.551009 	 -0.246632 	 -3.431264 	 1.281226 
7.943832 	 3.172126 	 -5.492828 	 0.168745 	 -0.500238 	 0.004988 	 -3.833086 	 0.139369 
-123.417969 	 -52.520785 	 -58.602609 	 -0.854934 	 -0.307101 	 -0.454244 	 -0.036285 	 0.515780 
7.351819 	 2.847087 	 -5.102402 	 -0.340603 	 -0.571071 	 -0.135275 	 -3.509121 	 0.230216 
26.042374 	 -8.388097 	 -12.232571 	 0.383597 	 -0.184985 	 -0.215992 	 -0.158769 	 0.114009 
7.634524 	 2.990446 	 -5.539693 	 0.249467 	 0.297749 	 0.220153 	 -4.034971 	 0.099678 
8.898266 	 3.282702 	 -5.250765 	 -1.724890 	 -0.161744 	 -0.423522 	 -2.222169 	 1.590389 
8.004447 	 2.137688 	 -6.831257 	 -0.902631 	 0.784605 	 0.184700 	 -1.715276 	 0.732231 
8.891148 	 3.111222 	 -6.232340 	 -0.589028 	 0.160805 	 1.380738 	 -1.942137 	 1.139624 
45.799584 	 170.423897 	 -113.541324 	 0.330585 	 1.220890 	 -0.813158 	 -0.021343 	 1.130542 
7.907104 	 2.488686 	 -5.223429 	 -1.938578 	 0.408171 	 -0.429159 	 -3.133138 	 2.054434 
7.754788 	 2.433221 	 -5.599137 	 -0.167814 	 0.253573 	 1.368632 	 -3.162157 	 0.982807 
7.075716 	 4.575092 	 -7.312390 	 -0.313551 	 0.430728 	 -0.153119 	 -1.254359 	 0.153643 
6.824205 	 3.099688 	 -5.606032 	 1.535312 	 1.325910 	 0.014914 	 -2.648101 	 2.057721 
6.481354 	 3.805551 	 -5.700067 	 -0.717381 	 0.331268 	 -1.133428 	 -1.877302 	 0.954516 
8.945540 	 3.411249 	 -5.908664 	 0.849911 	 0.529856 	 -0.488592 	 -1.997095 	 0.620910 
7.420357 	 3.110210 	 -4.811206 	 0.739078 	 -0.810504 	 -0.880236 	 -3.077518 	 0.988985 
8.572715 	 1.783914 	 -7.046329 	 0.002077 	 -0.388902 	 -0.694851 	 -1.368628 	 0.317034 
-163.885412 	 6.233568 	 127.903469 	 -1.184402 	 0.046431 	 0.920565 	 -0.020786 	 1.126201 
6.994451 	 3.251592 	 -5.837147 	 0.631840 	 -0.324139 	 -1.557130 	 -2.731869 	 1.464470 
-41.459592 	 -116.400088 	 5.845757 	 -0.275715 	 -0.787281 	 0.052199 	 -0.033595 	 0.349277 
7.999044 	 2.927677 	 -4.635473 	 -0.273755 	 0.260963 	 0.518124 	 -2.784429 	 0.205748 
4.958502 	 4.930742 	 -6.257794 	 0.397833 	 0.003943 	 -0.070005 	 -0.925388 	 0.081594 
-15.573521 	 191.814486 	 69.182151 	 -0.106477 	 1.376115 	 0.497699 	 -0.021720 	 1.076367 
7.425067 	 2.725519 	 -5.007776 	 -0.312996 	 1.500283 	 0.233883 	 -3.429277 	 1.201758 
9.847598 	 3.990293 	 -5.157813 	 0.600597 	 -0.138685 	 0.415411 	 -1.325320 	 0.276258 
44.954108 	 217.865904 	 -59.546478 	 0.325592 	 1.572796 	 -0.434589 	 -0.019426 	 1.384282 
8.901512 	 3.259792 	 -8.605488 	 -0.033933 	 0.007901 	 0.186340 	 -0.955991 	 0.017968 
7.998482 	 2.031044 	 -5.804607 	 -0.041259 	 -0.196623 	 -0.058753 	 -2.288893 	 0.021907 
-119.672515 	 -23.888510 	 -76.303141 	 -0.816831 	 -0.170954 	 -0.549335 	 -0.032076 	 0.499104 
7.851840 	 3.086085 	 -5.118951 	 0.493375 	 0.986500 	 0.942651 	 -3.756404 	 1.052596 
8.435193 	 0.498425 	 -6.693979 	 0.112112 	 0.189653 	 -0.141532 	 -1.062801 	 0.034284 
7.634466 	 1.870733 	 -5.688450 	 0.745676 	 0.517466 	 -0.128665 	 -2.185308 	 0.420180 
9.735597 	 4.754483 	 -4.638244 	 -0.077419 	 0.006097 	 0.161540 	 -1.140562 	 0.016063 
8.090333 	 3.303698 	 -6.336985 	 -0.282323 	 0.121901 	 0.009632 	 -2.430395 	 0.047330 
7.982007 	 2.813148 	 -5.554460 	 0.685472 	 -0.654743 	 -0.059134 	 -3.508495 	 0.451029 
7.411010 	 2.593972 	 -6.129712 	 -1.326598 	 0.090568 	 0.729185 	 -2.668137 	 1.149888 
7.470551 	 2.458153 	 -3.646312 	 1.296048 	 -0.356896 	 -0.147993 	 -1.584874 	 0.914508 
7.580659 	 3.213339 	 -5.388134 	 -0.714473 	 -0.818474 	 0.406275 	 -3.970390 	 0.672715 
8.106247 	 3.676050 	 -5.711591 	 -0.277462 	 0.484573 	 -0.826031 	 -2.815448 	 0.497061 
7.483823 	 4.233750 	 -4.797422 	 0.017891 	 -1.018807 	 -0.841148 	 -1.951127 	 0.872909 
7.130354 	 2.960886 	 -5.567722 	 0.084281 	 -0.127786 	 1.217801 	 -3.383330 	 0.753236 
8.445425 	 2.525157 	 -5.999411 	 -0.473392 	 -0.163494 	 0.893905 	 -2.333738 	 0.524948 
6.036921 	 4.231144 	 -6.268136 	 -0.182678 	 -0.281632 	 0.209895 	 -1.358272 	 0.078372 
8.509750 	 3.518874 	 -5.471562 	 -0.454243 	 0.671733 	 -0.317662 	 -2.591973 	 0.379235 
8.487325 	 3.303704 	 -4.687383 	 0.930816 	 0.064874 	 0.279440 	 -2.362578 	 0.474357 
14.056852 	 -12.378700 	 -7.449322 	 0.246121 	 -0.203491 	 -0.127265 	 -0.210989 	 0.059090 
7.480197 	 3.055644 	 -5.842351 	 0.326490 	 -0.233391 	 0.546858 	 -3.478268 	 0.230060 
-21.280102 	 -57.244198 	 12.112893 	 -0.077012 	 -0.285387 	 0.070106 	 -0.058092 	 0.046146 
6.628812 	 3.347123 	 -8.434868 	 0.270365 	 -0.092477 	 0.298590 	 -1.006243 	 0.085403 
7.920853 	 2.143730 	 -4.788989 	 1.134372 	 0.410530 	 -0.223454 	 -2.286170 	 0.752633 
86.659183 	 -14.536169 	 8.008323 	 0.512292 	 -0.095493 	 0.057497 	 -0.049785 	 0.137434 
-100.120238 	 59.528409 	 7.691855 	 -0.668942 	 0.392126 	 0.040728 	 -0.034763 	 0.301452 
19.761022 	 27.475042 	 14.296205 	 0.048288 	 -0.034393 	 -0.083132 	 -0.112286 	 0.005213 
142.386622 	 -74.498306 	 -35.358275 	 0.992999 	 -0.531672 	 -0.247788 	 -0.027331 	 0.665061 
-47.963809 	 -28.440364 	 -195.791867 	 -0.341534 	 -0.196561 	 -1.400385 	 -0.021819 	 1.058180 
7.112834 	 2.949610 	 -5.546803 	 0.556471 	 -0.311013 	 -0.801994 	 -3.344799 	 0.524792 
7.452473 	 1.374930 	 -5.448344 	 0.845335 	 -0.030606 	 0.215193 	 -1.716486 	 0.380918 
7.106034 	 3.305565 	 -5.881477 	 -0.366119 	 0.686001 	 1.237829 	 -2.820015 	 1.068431 
11.408773 	 4.174767 	 -8.116323 	 -0.029079 	 0.293628 	 -0.107969 	 -0.712667 	 0.049360 
7.740717 	 2.796788 	 -5.217836 	 -0.165867 	 -0.929225 	 -0.470125 	 -3.752963 	 0.555995 
6.166826 	 3.073797 	 -5.939921 	 1.304194 	 -0.004982 	 0.442445 	 -1.821932 	 0.948353 
17.868457 	 -71.920462 	 43.472781 	 0.116380 	 -0.447193 	 0.311945 	 -0.052428 	 0.155418 
7.919229 	 3.366093 	 -5.812562 	 0.126971 	 -0.118402 	 -1.266500 	 -3.357158 	 0.817082 
5.248145 	 1.866664 	 -5.318208 	 0.310706 	 0.192736 	 0.009226 	 -1.161644 	 0.066885 
14.442495 	 -3.471844 	 5.714656 	 0.055078 	 0.159170 	 0.046214 	 -0.242658 	 0.015252 
9.336085 	 3.369847 	 -4.079019 	 0.698068 	 -0.227118 	 -1.028359 	 -1.437100 	 0.798203 
8.151542 	 4.671047 	 -2.591901 	 0.424769 	 -0.267635 	 -0.460061 	 -0.981062 	 0.231856 
7.436434 	 2.933896 	 -5.031972 	 1.296368 	 -0.682754 	 -1.210638 	 -3.574221 	 1.806184 
-66.434999 	 -235.000825 	 62.682414 	 -0.477363 	 -1.707237 	 0.454300 	 -0.017923 	 1.674461 
-211.613057 	 -91.759629 	 -16.871860 	 -1.530116 	 -0.654906 	 -0.123392 	 -0.020043 	 1.392691 
7.952183 	 2.852837 	 -5.782477 	 -1.448991 	 0.269693 	 0.177903 	 -3.379671 	 1.101979 
6.754240 	 2.654954 	 -4.772575 	 0.612243 	 0.007074 	 0.395683 	 -2.192205 	 0.265728 
7.116623 	 2.322662 	 -2.058600 	 -0.228349 	 0.086306 	 -0.248750 	 -0.922875 	 0.060734 
7.355318 	 2.913646 	 -5.679610 	 0.590074 	 -0.053812 	 0.321268 	 -3.535467 	 0.227148 
7.421523 	 3.768330 	 -4.424559 	 0.369562 	 -0.392301 	 0.730211 	 -2.087304 	 0.411842 
-189.401274 	 19.274089 	 76.903533 	 -1.361197 	 0.140609 	 0.545634 	 -0.021135 	 1.085172 
9.468734 	 3.523508 	 -5.817115 	 0.805016 	 0.577033 	 -0.255240 	 -1.611128 	 0.523083 
8.351336 	 2.983823 	 -3.530533 	 -0.280426 	 -0.253573 	 -0.531976 	 -1.508246 	 0.212968 
-23.420227 	 -173.862673 	 -5.126906 	 -0.162399 	 -1.234576 	 -0.031829 	 -0.025524 	 0.775783 
11.743550 	 30.655313 	 64.049724 	 0.069178 	 0.180090 	 0.334451 	 -0.056827 	 0.074538 
51.697987 	 82.378559 	 222.081139 	 0.377379 	 0.596926 	 1.608622 	 -0.018739 	 1.543200 
7.347954 	 2.534052 	 -6.705300 	 -0.446733 	 -0.016689 	 -0.068543 	 -1.964088 	 0.102274 
16.553893 	 -140.506707 	 29.690061 	 0.123408 	 -1.001918 	 0.206456 	 -0.037525 	 0.530847 
8.561108 	 1.242076 	 -3.986490 	 0.554315 	 -0.380036 	 0.872852 	 -1.261075 	 0.606782 
5.445157 	 0.641224 	 -7.637775 	 0.102212 	 0.257574 	 0.352370 	 -0.814624 	 0.100478 
8.532398 	 5.079033 	 1.176080 	 -0.110702 	 0.008444 	 0.217269 	 -0.490188 	 0.029766 
9.876227 	 -0.026304 	 2.868716 	 -0.009735 	 0.342058 	 -0.266433 	 -0.378038 	 0.094043 
-13.612015 	 -3.209118 	 139.408676 	 -0.083458 	 -0.025668 	 0.964165 	 -0.029851 	 0.468619 
7.708426 	 2.612529 	 -4.537862 	 0.053015 	 -0.790073 	 -0.872122 	 -2.607092 	 0.693811 
8.425390 	 1.668386 	 -5.893962 	 0.074363 	 -0.239029 	 0.252143 	 -1.739712 	 0.063120 
7.895923 	 2.328904 	 -5.135073 	 0.845293 	 -0.559595 	 -0.191458 	 -2.797795 	 0.532162 
14.143527 	 -3.863133 	 -1.391725 	 0.055649 	 0.121328 	 -0.185722 	 -0.336240 	 0.026155 
4.696267 	 3.419579 	 -6.271693 	 -0.211099 	 -0.043909 	 0.399762 	 -1.007344 	 0.103150 
8.612063 	 4.050284 	 -6.177093 	 0.294649 	 0.099542 	 -0.416380 	 -1.807614 	 0.135050 
7.356978 	 2.821082 	 -5.666026 	 0.194596 	 1.437505 	 0.774475 	 -3.464263 	 1.352050 
7.119124 	 3.277846 	 -5.407098 	 0.919570 	 -0.742993 	 1.005466 	 -3.217890 	 1.204304 
7.062732 	 3.219934 	 -5.586004 	 -1.349216 	 0.862478 	 -0.498930 	 -3.052107 	 1.406591 
28.298331 	 -10.652543 	 -59.717283 	 0.130629 	 -0.017139 	 -0.291626 	 -0.064524 	 0.051202 
28.563257 	 32.176499 	 64.109953 	 0.185695 	 0.173324 	 0.356173 	 -0.051954 	 0.095691 
7.557744 	 3.566903 	 -6.281495 	 -0.007152 	 -0.107007 	 -0.116385 	 -2.437395 	 0.012524 
7.726219 	 2.523015 	 -5.543516 	 0.836567 	 0.525380 	 -0.939839 	 -3.399717 	 0.929583 
8.260459 	 3.735555 	 -5.058992 	 -0.340426 	 1.535008 	 -0.072701 	 -2.667598 	 1.238713 
8.920273 	 3.315856 	 -5.011156 	 -0.410879 	 0.097727 	 0.011146 	 -2.105418 	 0.089248 
41.036681 	 58.868210 	 40.257860 	 0.225116 	 0.362985 	 0.212118 	 -0.050774 	 0.113715 
7.762406 	 3.060126 	 -5.386746 	 -0.245936 	 -0.034282 	 -0.062151 	 -4.112486 	 0.032761 
7.754132 	 3.406558 	 -7.353254 	 -0.247052 	 -0.171018 	 -0.179936 	 -1.533271 	 0.061329 
165.936093 	 55.615735 	 -14.197794 	 1.173340 	 0.375967 	 -0.103178 	 -0.026311 	 0.764362 
-227.199041 	 -38.155811 	 -48.634821 	 -1.634384 	 -0.268567 	 -0.358858 	 -0.020029 	 1.436058 
9.751612 	 1.055771 	 -5.244311 	 0.809141 	 -0.042056 	 0.245278 	 -1.083312 	 0.358320 
163.544185 	 45.129397 	 -27.260067 	 1.149574 	 0.315378 	 -0.197537 	 -0.026739 	 0.730003 
8.036982 	 1.105877 	 -4.754231 	 -0.040804 	 0.158749 	 -0.362810 	 -1.451360 	 0.079249 
6.901711 	 2.890145 	 -4.475349 	 0.506507 	 0.507958 	 0.399556 	 -2.135115 	 0.337108 
67.544251 	 165.414883 	 139.351784 	 0.487366 	 1.193014 	 1.009951 	 -0.019726 	 1.340405 
7.958473 	 3.265643 	 -5.067212 	 -0.079466 	 0.116167 	 -0.019945 	 -3.470475 	 0.010104 
7.021714 	 2.450316 	 -5.474878 	 -0.041964 	 0.663306 	 -0.449973 	 -2.619092 	 0.322106 
7.995823 	 6.092727 	 -3.326505 	 0.382613 	 0.497873 	 0.022652 	 -0.875740 	 0.197392 
6.283834 	 4.037541 	 5.033580 	 0.179273 	 -0.090800 	 -0.337136 	 -0.327651 	 0.077022 
7.475995 	 2.987068 	 -6.060838 	 0.103038 	 1.577314 	 0.080377 	 -3.091248 	 1.252498 
8.127862 	 2.766792 	 -5.528834 	 0.141745 	 1.027386 	 0.313196 	 -3.260546 	 0.586852 
