4.038944 	 -3.850959 	 -4.553509 	 0.123020 	 0.002602 	 -0.035943 	 -0.045395 	 0.008216 
-1.629002 	 0.392523 	 -1.544813 	 0.100765 	 -0.302561 	 0.094949 	 -0.378700 	 0.055356 
-1.473130 	 0.158885 	 0.077997 	 -0.118820 	 -0.166874 	 0.315991 	 -0.196266 	 0.070907 
-1.128423 	 0.617471 	 -0.500735 	 -0.011678 	 -0.067602 	 0.032295 	 -0.268127 	 0.002875 
-0.531107 	 -0.943688 	 1.247705 	 -0.001092 	 0.008498 	 0.144881 	 -0.106257 	 0.010532 
5.333343 	 -8.621531 	 -7.588621 	 0.055081 	 -0.141041 	 -0.071828 	 -0.029227 	 0.014043 
-28.695231 	 -59.630795 	 5.947969 	 -0.207530 	 -0.410815 	 0.038524 	 -0.006550 	 0.106661 
43.263051 	 17.487558 	 -0.942231 	 0.280893 	 0.113373 	 0.024188 	 -0.009926 	 0.046170 
-1.418719 	 0.376879 	 -1.240879 	 0.031205 	 0.050374 	 0.289770 	 -1.101209 	 0.043739 
-1.866988 	 2.322208 	 0.410247 	 0.176326 	 -0.225403 	 0.041742 	 -0.122205 	 0.041820 
-1.012727 	 1.831373 	 -1.536520 	 0.070217 	 0.223640 	 -0.232675 	 -0.173267 	 0.054541 
-1.009029 	 0.413484 	 -0.210925 	 -0.145803 	 -0.074454 	 0.063845 	 -0.223626 	 0.015439 
0.155471 	 0.567345 	 -2.687341 	 -0.243137 	 0.115329 	 0.176407 	 -0.125128 	 0.051768 
7.290011 	 0.962200 	 11.467179 	 0.013214 	 0.005471 	 -0.045238 	 -0.025587 	 0.001125 
-0.386793 	 0.240995 	 -0.295013 	 0.336273 	 0.138876 	 0.121272 	 -0.177150 	 0.073536 
-1.973497 	 -1.067255 	 2.342885 	 -0.024717 	 0.111192 	 -0.172281 	 -0.084396 	 0.021328 
-1.913870 	 -0.396675 	 -1.062728 	 -0.137258 	 -0.328905 	 0.034740 	 -0.229384 	 0.064113 
-0.969642 	 -0.824561 	 0.300200 	 0.184679 	 -0.254062 	 -0.129416 	 -0.142787 	 0.057701 
29.554904 	 35.308910 	 8.760636 	 0.215345 	 0.348303 	 0.119465 	 -0.034732 	 0.090980 
2.579977 	 -20.115930 	 -25.510598 	 0.003856 	 -0.150718 	 -0.197303 	 -0.012983 	 0.030830 
-1.695443 	 0.075510 	 -1.047268 	 0.101935 	 0.064713 	 -0.585399 	 -0.371927 	 0.178635 
-1.783119 	 0.550902 	 -1.254830 	 -0.059859 	 0.098905 	 0.051217 	 -0.400262 	 0.007994 
-4.402911 	 -1.737090 	 -5.507078 	 -0.130640 	 -0.096260 	 -0.176274 	 -0.059251 	 0.028703 
-1.547700 	 0.843190 	 -0.744966 	 -0.261277 	 0.363384 	 -0.313976 	 -0.321842 	 0.149447 
-2.118315 	 -0.771819 	 0.360815 	 0.139132 	 0.263446 	 -0.201758 	 -0.137846 	 0.064734 
-1.478453 	 0.071159 	 -0.978584 	 0.247608 	 0.346931 	 0.222018 	 -0.407197 	 0.115482 
-2.295167 	 -0.199687 	 -1.975383 	 -0.209619 	 0.173965 	 -0.009872 	 -0.181879 	 0.037151 
-53.539567 	 15.017566 	 3.356906 	 -0.356914 	 0.101743 	 0.035057 	 -0.007902 	 0.069484 
-9.327060 	 -6.447366 	 -9.278374 	 -0.075923 	 0.009506 	 -0.009172 	 -0.029443 	 0.002969 
-1.435512 	 0.395727 	 -1.219755 	 -0.422913 	 -0.775241 	 0.217737 	 -1.818240 	 0.413632 
-0.383047 	 0.521268 	 -2.067454 	 -0.074646 	 -0.050909 	 -0.063192 	 -0.169315 	 0.006078 
-1.453990 	 0.386910 	 -1.218100 	 -0.791505 	 0.245640 	 -0.331591 	 -1.766055 	 0.398386 
-1.469249 	 0.032306 	 -0.788479 	 0.567111 	 -0.397703 	 -0.094965 	 -0.338018 	 0.244400 
-1.452655 	 0.397457 	 -1.224570 	 -0.141487 	 0.638727 	 0.017585 	 -1.728527 	 0.214150 
1.679574 	 6.435936 	 -6.222999 	 -0.030002 	 -0.024435 	 0.032843 	 -0.043605 	 0.001288 
30.818078 	 1.185544 	 23.810922 	 0.341245 	 0.023112 	 0.258859 	 -0.011897 	 0.091995 
-1.438759 	 0.381616 	 -1.217387 	 0.533792 	 -0.372571 	 -0.453319 	 -2.167558 	 0.314621 
-2.764672 	 0.512180 	 -1.555766 	 -0.196325 	 0.225322 	 0.353656 	 -0.191512 	 0.107193 
-16.623975 	 -0.650079 	 14.653930 	 -0.033968 	 -0.011713 	 0.057128 	 -0.018308 	 0.002277 
-1.303266 	 0.179533 	 -0.876785 	 0.193763 	 0.021279 	 -0.454112 	 -0.368372 	 0.122107 
2.013803 	 -0.363662 	 -1.908974 	 0.051339 	 0.065203 	 -0.071847 	 -0.085324 	 0.006025 
-2.365707 	 1.425622 	 -1.063850 	 -0.164482 	 0.342300 	 0.208111 	 -0.199310 	 0.093767 
-1.404633 	 0.800657 	 -1.532488 	 0.342715 	 0.200115 	 -0.286814 	 -0.333034 	 0.119881 
-3.214972 	 3.861955 	 -1.726984 	 -0.139931 	 0.174290 	 0.002716 	 -0.085817 	 0.024982 
-2.340053 	 -0.202531 	 -0.929714 	 0.274640 	 0.403519 	 -0.165900 	 -0.210578 	 0.132889 
-7.862675 	 3.320505 	 -0.102548 	 0.143377 	 -0.000885 	 0.004820 	 -0.052975 	 0.010290 
-5.735925 	 3.489600 	 0.894531 	 0.063557 	 0.069344 	 0.087093 	 -0.077218 	 0.008217 
-2.931094 	 2.283081 	 0.042272 	 0.080275 	 0.052217 	 0.018656 	 -0.118649 	 0.004759 
-1.594381 	 0.338031 	 -0.828891 	 0.266342 	 0.035589 	 -0.203243 	 -0.383445 	 0.056756 
-0.839652 	 -1.414909 	 -0.451620 	 -0.196308 	 0.276995 	 0.113519 	 -0.132011 	 0.064075 
-4.702255 	 1.312610 	 0.325423 	 -0.078465 	 0.054003 	 0.105019 	 -0.090491 	 0.010051 
-1.806351 	 1.175585 	 -0.429386 	 -0.416557 	 0.241742 	 0.165950 	 -0.226729 	 0.129749 
-1.474243 	 0.829031 	 -1.240038 	 -0.014424 	 -0.504823 	 -0.349521 	 -0.401973 	 0.188610 
-2.950237 	 0.949523 	 -1.932546 	 -0.050839 	 0.121607 	 0.015280 	 -0.161628 	 0.008803 
33.221412 	 6.700693 	 22.939747 	 0.189869 	 0.028313 	 0.148015 	 -0.011379 	 0.029380 
0.023475 	 -0.037305 	 -1.582448 	 0.011719 	 -0.053196 	 0.155472 	 -0.153385 	 0.013569 
55.912773 	 -7.929052 	 17.512166 	 0.376077 	 -0.039950 	 0.121055 	 -0.007632 	 0.078842 
0.500649 	 2.557209 	 -3.382126 	 0.013508 	 -0.262542 	 0.115240 	 -0.087563 	 0.041196 
-1.435053 	 0.384559 	 -1.213103 	 -0.062729 	 0.518967 	 -0.438690 	 -2.131393 	 0.232855 
0.954929 	 1.314195 	 -0.623232 	 -0.129480 	 0.096485 	 -0.056206 	 -0.110928 	 0.014617 
-2.502434 	 0.543406 	 -2.320451 	 -0.405668 	 -0.075792 	 -0.220954 	 -0.169796 	 0.109566 
20.983494 	 0.730411 	 12.368634 	 0.075107 	 0.008258 	 0.061955 	 -0.016602 	 0.004774 
14.162695 	 -54.618540 	 -48.402268 	 0.098140 	 -0.385179 	 -0.341949 	 -0.005885 	 0.137462 
-1.544850 	 0.928850 	 -1.260330 	 -0.338741 	 -0.268317 	 0.013367 	 -0.365161 	 0.093459 
-0.706046 	 3.754334 	 -2.488380 	 0.006858 	 0.069025 	 0.040136 	 -0.088876 	 0.003211 
-1.800989 	 1.907470 	 -1.587526 	 -0.019192 	 -0.259486 	 -0.086739 	 -0.176076 	 0.037612 
-1.593701 	 1.411547 	 -0.827834 	 0.002620 	 -0.130047 	 0.386025 	 -0.239664 	 0.082967 
-5.463500 	 3.427030 	 0.762329 	 -0.190326 	 0.138662 	 0.069850 	 -0.080113 	 0.030165 
21.646534 	 -7.293886 	 22.603810 	 0.113643 	 -0.040200 	 0.121344 	 -0.013161 	 0.014628 
46.348869 	 16.760012 	 5.707631 	 0.292093 	 0.108988 	 0.043628 	 -0.009513 	 0.049550 
-17.523175 	 15.907262 	 -4.533604 	 -0.072674 	 0.036295 	 -0.021889 	 -0.017758 	 0.003539 
-1.603217 	 0.477157 	 -1.386497 	 0.277005 	 0.493481 	 -0.091201 	 -0.581273 	 0.164287 
1.211384 	 -2.168797 	 -25.578581 	 0.034874 	 -0.030876 	 -0.378961 	 -0.016423 	 0.072890 
-0.412605 	 4.157944 	 -8.034123 	 0.078080 	 0.145564 	 -0.158671 	 -0.046708 	 0.026231 
-1.732078 	 0.668767 	 -0.594028 	 0.124417 	 -0.281275 	 -0.269798 	 -0.294572 	 0.083693 
4.723843 	 5.815768 	 12.452993 	 0.053754 	 0.056614 	 0.149191 	 -0.024808 	 0.014176 
-1.538207 	 0.143340 	 -1.058481 	 -0.262674 	 -0.249336 	 -0.362365 	 -0.445686 	 0.131237 
29.520237 	 -3.711331 	 10.155740 	 0.145018 	 -0.004530 	 0.079610 	 -0.013596 	 0.013694 
-2.224812 	 0.422455 	 -1.397799 	 -0.163666 	 -0.267660 	 0.087619 	 -0.260872 	 0.053053 
-69.269328 	 -2.258594 	 26.447621 	 -0.489310 	 -0.003492 	 0.187683 	 -0.005961 	 0.137331 
-1.446603 	 0.435740 	 -1.141047 	 -0.411273 	 0.152324 	 0.645033 	 -0.919772 	 0.304208 
1.220669 	 -0.309039 	 0.000541 	 0.152931 	 0.052259 	 0.207597 	 -0.100302 	 0.034608 
-1.438567 	 0.432039 	 -1.097786 	 0.156797 	 -0.466244 	 0.267690 	 -0.721881 	 0.156814 
-3.452280 	 -2.788237 	 0.426406 	 -0.028830 	 -0.189973 	 0.071620 	 -0.077958 	 0.021025 
-1.593018 	 0.481999 	 -1.353952 	 0.127616 	 0.483176 	 -0.002832 	 -0.604041 	 0.124877 
-1.499419 	 1.134357 	 -2.416964 	 0.036729 	 0.054307 	 0.248998 	 -0.173433 	 0.033149 
-1.414903 	 0.585089 	 -1.354178 	 0.245454 	 0.412459 	 -0.017758 	 -0.473448 	 0.115343 
-6.093229 	 0.171528 	 -1.413614 	 -0.168210 	 -0.118448 	 -0.028689 	 -0.072803 	 0.021574 
-1.269807 	 1.041664 	 -0.915447 	 0.079362 	 -0.000166 	 -0.222239 	 -0.308797 	 0.027844 
-0.946693 	 3.785582 	 -5.557358 	 -0.057545 	 -0.220445 	 0.027412 	 -0.063073 	 0.026329 
-6.414017 	 -6.053773 	 -3.954701 	 -0.065722 	 -0.128345 	 -0.016126 	 -0.042128 	 0.010526 
-1.471839 	 0.433136 	 -1.145134 	 -0.491989 	 0.035785 	 0.722780 	 -0.902737 	 0.382872 
-15.929871 	 -26.238132 	 0.437587 	 -0.074948 	 -0.132031 	 0.011253 	 -0.013567 	 0.011588 
-11.854008 	 -1.037615 	 -9.033085 	 -0.003418 	 -0.018728 	 -0.038321 	 -0.029575 	 0.000915 
-0.205954 	 -5.756927 	 -4.800435 	 0.012678 	 0.017568 	 0.063521 	 -0.047749 	 0.002252 
29.425557 	 35.396115 	 8.841494 	 0.158936 	 0.096845 	 -0.001287 	 -0.034730 	 0.017321 
-1.466232 	 0.417993 	 -1.226253 	 0.368679 	 -0.141278 	 -0.017548 	 -1.147565 	 0.078096 
-5.881393 	 -3.728678 	 8.566523 	 -0.011067 	 0.007578 	 0.022095 	 -0.032573 	 0.000334 
-1.926588 	 1.344000 	 -1.175709 	 0.439647 	 -0.313614 	 -0.256225 	 -0.241687 	 0.178647 
-1.276337 	 0.900009 	 -0.989544 	 -0.425735 	 -0.306089 	 0.150566 	 -0.343426 	 0.148805 
