0.327820 	 0.513254 	 -1.376037 	 0.087863 	 0.131921 	 0.326892 	 -0.471762 	 0.065991 
-0.158672 	 0.678264 	 -1.204268 	 -0.019246 	 0.202869 	 -0.206949 	 -0.513242 	 0.042177 
0.551089 	 1.208626 	 -3.455389 	 -0.162877 	 0.121345 	 0.226562 	 -0.168101 	 0.046292 
-0.093973 	 0.397563 	 -1.402680 	 -0.100871 	 0.116624 	 0.464346 	 -0.479098 	 0.119696 
-0.235769 	 1.877341 	 -1.245385 	 -0.233481 	 0.270915 	 0.101907 	 -0.235433 	 0.069147 
-0.329953 	 3.611805 	 0.724777 	 0.076268 	 -0.142502 	 0.065497 	 -0.102430 	 0.015207 
-36.302943 	 -40.440452 	 2.882899 	 -0.255274 	 -0.261978 	 0.015117 	 -0.007910 	 0.067013 
34.307229 	 3.354127 	 8.075025 	 0.184747 	 0.020230 	 0.081925 	 -0.013845 	 0.020626 
0.174175 	 -0.183194 	 0.890913 	 -0.098459 	 0.133778 	 -0.108731 	 -0.133631 	 0.019707 
0.203273 	 3.361788 	 -4.733832 	 -0.065055 	 -0.025163 	 -0.161224 	 -0.087334 	 0.015429 
2.012506 	 -0.776316 	 -0.313460 	 -0.192246 	 -0.126736 	 -0.152676 	 -0.127347 	 0.038165 
-0.038220 	 0.182973 	 -1.504690 	 0.116688 	 -0.018054 	 0.070098 	 -0.411180 	 0.009428 
0.429464 	 0.808374 	 -0.913809 	 -0.163373 	 -0.015577 	 -0.415976 	 -0.319080 	 0.099985 
-0.708146 	 -2.174113 	 -1.899889 	 0.052317 	 0.017378 	 -0.173646 	 -0.118348 	 0.016596 
-0.240659 	 0.278318 	 -1.708128 	 0.008923 	 0.206990 	 0.011446 	 -0.447181 	 0.021528 
0.924037 	 0.602925 	 -0.539381 	 0.318831 	 0.008730 	 -0.156869 	 -0.217040 	 0.063169 
-0.405679 	 0.957020 	 -3.035713 	 -0.113316 	 0.129014 	 -0.283352 	 -0.196391 	 0.054887 
-0.397410 	 1.971197 	 -0.965643 	 -0.268546 	 0.141919 	 0.140193 	 -0.216577 	 0.055956 
17.666189 	 15.312113 	 13.775753 	 0.072376 	 0.050692 	 0.072168 	 -0.015961 	 0.006508 
0.466248 	 1.778381 	 -3.581206 	 -0.118064 	 -0.125191 	 0.292423 	 -0.152587 	 0.057561 
1.750868 	 0.058708 	 0.659330 	 -0.140985 	 0.163834 	 -0.349469 	 -0.123464 	 0.084423 
0.654584 	 0.339482 	 -1.662988 	 0.093414 	 -0.242002 	 0.046352 	 -0.355543 	 0.034720 
1.466104 	 0.694418 	 -1.524123 	 -0.118226 	 0.333698 	 -0.226569 	 -0.206432 	 0.088332 
-0.433709 	 0.957523 	 -1.944745 	 -0.033384 	 0.242231 	 0.469684 	 -0.336702 	 0.140197 
0.812669 	 -0.391757 	 -2.654569 	 0.098807 	 0.065450 	 0.494663 	 -0.181580 	 0.129369 
1.494298 	 1.335190 	 -2.597116 	 -0.025718 	 0.181151 	 0.055819 	 -0.165051 	 0.018296 
-0.180517 	 0.648327 	 -1.141455 	 -0.148524 	 0.054910 	 0.362617 	 -0.493064 	 0.078283 
-59.809261 	 18.862577 	 -11.077636 	 -0.415541 	 0.135223 	 -0.062882 	 -0.006920 	 0.097457 
0.491999 	 0.628956 	 -1.574881 	 0.081246 	 -0.201019 	 0.092345 	 -0.455935 	 0.027769 
-0.012142 	 0.357414 	 -1.244080 	 -0.242633 	 0.138411 	 0.502600 	 -0.432411 	 0.165317 
-0.113777 	 0.537034 	 -1.755448 	 -0.061079 	 0.088519 	 -0.120174 	 -0.547762 	 0.013004 
-0.189242 	 0.312179 	 -1.828116 	 0.126928 	 0.226614 	 -0.711986 	 -0.435264 	 0.287195 
-0.489571 	 1.253010 	 -1.177346 	 -0.238354 	 -0.051313 	 0.115483 	 -0.290154 	 0.036391 
-0.011293 	 1.265750 	 -1.548290 	 0.362049 	 0.159752 	 -0.461661 	 -0.370447 	 0.184866 
-0.215949 	 0.699016 	 -1.761736 	 0.223161 	 -0.325118 	 -0.493914 	 -0.503500 	 0.199727 
-66.241685 	 -27.503089 	 18.812498 	 -0.523354 	 -0.150456 	 0.154070 	 -0.018670 	 0.160137 
-0.410593 	 0.299525 	 -1.597518 	 -0.345276 	 -0.233112 	 0.230817 	 -0.408084 	 0.113417 
2.834560 	 -1.691844 	 0.662309 	 0.056862 	 -0.117257 	 0.198241 	 -0.091970 	 0.028141 
-46.165385 	 8.728201 	 10.838705 	 -0.296312 	 0.054557 	 0.081085 	 -0.008978 	 0.048676 
0.301190 	 1.488742 	 -3.991089 	 0.193381 	 -0.164253 	 -0.240068 	 -0.141261 	 0.061004 
0.370664 	 0.654010 	 -1.195006 	 0.640778 	 -0.054853 	 -0.530183 	 -0.404891 	 0.347349 
-1.351635 	 3.720426 	 -0.804615 	 0.010130 	 -0.063177 	 0.129662 	 -0.104036 	 0.010453 
0.034431 	 1.309674 	 -1.652183 	 0.115484 	 -0.257496 	 0.086185 	 -0.354119 	 0.043534 
0.895015 	 0.383964 	 -1.871016 	 0.067945 	 -0.129220 	 -0.122396 	 -0.285302 	 0.018148 
-0.183704 	 0.818332 	 -1.635923 	 -0.145778 	 -0.278834 	 -0.199661 	 -0.493111 	 0.069432 
-0.087606 	 0.813794 	 3.938297 	 0.044030 	 0.035031 	 0.112039 	 -0.070096 	 0.007859 
-0.168667 	 3.054826 	 0.979903 	 0.109009 	 -0.048694 	 -0.020896 	 -0.108396 	 0.007345 
-10.734369 	 -0.743021 	 2.294688 	 0.074706 	 0.028176 	 -0.018265 	 -0.034970 	 0.003354 
-0.169260 	 0.970127 	 -1.290935 	 -0.054729 	 0.126878 	 0.030611 	 -0.409237 	 0.010015 
-0.212833 	 0.929388 	 -1.756438 	 0.077575 	 0.360515 	 -0.028480 	 -0.432129 	 0.068400 
0.486729 	 0.387950 	 -1.755685 	 -0.159479 	 0.061728 	 -0.182967 	 -0.393529 	 0.031360 
0.162294 	 1.761995 	 -2.519940 	 0.111398 	 0.110600 	 -0.178087 	 -0.200375 	 0.028178 
-1.145329 	 0.016249 	 -1.565644 	 -0.267069 	 -0.113935 	 0.141032 	 -0.221908 	 0.052099 
0.079507 	 0.500492 	 -1.777521 	 0.187511 	 0.121082 	 0.114420 	 -0.482314 	 0.031456 
19.227984 	 -0.118646 	 21.568144 	 0.090674 	 -0.017068 	 0.106453 	 -0.014995 	 0.009923 
4.797570 	 2.777630 	 -2.168534 	 -0.004627 	 -0.020661 	 0.026772 	 -0.071964 	 0.000583 
37.426925 	 10.626316 	 10.493598 	 0.209078 	 0.068689 	 0.060669 	 -0.011884 	 0.026056 
-0.863198 	 0.651617 	 -2.143492 	 -0.554576 	 -0.035572 	 0.318675 	 -0.256322 	 0.205187 
-2.133443 	 -1.707206 	 0.080822 	 -0.006880 	 -0.066100 	 0.172761 	 -0.101241 	 0.017131 
-0.013384 	 0.794076 	 -1.552029 	 0.225151 	 -0.086638 	 0.185320 	 -0.507703 	 0.046271 
0.188873 	 0.889226 	 -1.640070 	 0.152758 	 -0.279519 	 0.238057 	 -0.439694 	 0.079068 
29.243316 	 1.383439 	 14.572367 	 0.176104 	 -0.044276 	 0.055565 	 -0.026162 	 0.018030 
40.973082 	 -46.759324 	 -45.308936 	 0.291317 	 -0.330353 	 -0.322084 	 -0.005685 	 0.148868 
-1.065649 	 -0.779760 	 1.630390 	 0.001323 	 0.077561 	 -0.245831 	 -0.101310 	 0.033225 
-10.396790 	 4.419422 	 0.339262 	 -0.073205 	 0.010084 	 -0.008257 	 -0.035531 	 0.002764 
0.671286 	 0.707214 	 -1.885616 	 -0.199037 	 0.383870 	 0.056955 	 -0.327978 	 0.095108 
2.710911 	 -2.388894 	 0.680625 	 -0.071330 	 0.041974 	 0.078879 	 -0.085347 	 0.006536 
0.023070 	 1.640974 	 -0.674019 	 0.260711 	 -0.084492 	 -0.066240 	 -0.228796 	 0.039749 
29.443357 	 1.602549 	 14.359770 	 0.135071 	 0.073444 	 0.080105 	 -0.026161 	 0.015028 
0.431464 	 1.194333 	 -1.284656 	 -0.318586 	 -0.069341 	 -0.035497 	 -0.316839 	 0.053783 
-3.328044 	 -2.062969 	 1.874873 	 0.133734 	 0.163230 	 -0.076695 	 -0.070828 	 0.025205 
-0.335034 	 2.136919 	 -0.527821 	 0.096062 	 -0.003746 	 -0.123632 	 -0.182811 	 0.012263 
0.147646 	 1.028296 	 -0.794609 	 -0.085293 	 0.177171 	 -0.141654 	 -0.298568 	 0.029365 
-0.093309 	 0.612947 	 -1.753354 	 -0.062847 	 -0.491008 	 0.190254 	 -0.578952 	 0.140618 
0.246931 	 0.658566 	 -1.404165 	 -0.008487 	 -0.135009 	 -0.269470 	 -0.492166 	 0.045457 
3.582954 	 2.776776 	 -1.634471 	 -0.056123 	 -0.080545 	 0.017646 	 -0.088544 	 0.004974 
67.245532 	 7.171318 	 -5.251497 	 0.467464 	 0.050344 	 -0.023647 	 -0.006688 	 0.110808 
32.671360 	 -2.589098 	 2.805981 	 0.168650 	 0.007952 	 0.032287 	 -0.013964 	 0.014774 
-0.086711 	 -1.490535 	 -1.842563 	 0.135615 	 -0.143008 	 0.151455 	 -0.151453 	 0.030891 
-0.279805 	 0.632422 	 -1.148166 	 0.136376 	 0.016424 	 0.030737 	 -0.445481 	 0.009906 
0.310241 	 0.070055 	 -2.798571 	 0.338805 	 0.009686 	 -0.217720 	 -0.212392 	 0.081142 
-0.648061 	 0.263324 	 -1.610713 	 0.318761 	 -0.352271 	 -0.299117 	 -0.333185 	 0.157587 
-0.312892 	 0.290884 	 -1.191099 	 0.436848 	 -0.022440 	 -0.111939 	 -0.370418 	 0.101935 
7.626006 	 8.094384 	 15.426255 	 0.033648 	 0.017841 	 0.010269 	 -0.021079 	 0.000778 
0.332920 	 0.541206 	 -1.545947 	 -0.196922 	 0.426875 	 -0.176924 	 -0.516792 	 0.126151 
-0.399054 	 0.099403 	 -1.794610 	 -0.196046 	 0.065685 	 0.133949 	 -0.350745 	 0.030345 
0.136614 	 0.656329 	 -2.574688 	 -0.473289 	 0.241262 	 -0.019318 	 -0.258277 	 0.141292 
-0.108756 	 0.647566 	 -1.822865 	 -0.084330 	 0.224755 	 -0.153081 	 -0.535529 	 0.040530 
0.202845 	 0.560345 	 -1.629705 	 -0.129800 	 -0.237660 	 0.142933 	 -0.506894 	 0.046880 
-66.068267 	 -27.510378 	 18.507716 	 -0.418307 	 -0.224387 	 0.112177 	 -0.018689 	 0.118957 
-3.887760 	 0.160364 	 0.676182 	 0.031272 	 -0.111370 	 -0.059936 	 -0.086830 	 0.008487 
-0.609074 	 -0.390434 	 -1.866174 	 -0.079006 	 -0.060786 	 0.186340 	 -0.232886 	 0.022330 
0.688267 	 -0.029232 	 -1.036189 	 0.250170 	 -0.010100 	 0.160918 	 -0.250697 	 0.044291 
0.434977 	 0.559425 	 -1.533057 	 0.617595 	 -0.284515 	 -0.344925 	 -0.498421 	 0.290672 
-0.103278 	 0.721939 	 -1.318920 	 0.052178 	 -0.009144 	 0.297468 	 -0.505826 	 0.045647 
-0.097002 	 0.618061 	 -1.447226 	 -0.068667 	 -0.015506 	 0.157806 	 -0.521893 	 0.014929 
-0.795041 	 0.283450 	 -2.733269 	 0.113312 	 -0.106789 	 -0.182250 	 -0.204269 	 0.028729 
-2.951906 	 4.088039 	 -4.331123 	 -0.007950 	 0.083365 	 -0.047051 	 -0.069066 	 0.004613 
-3.589033 	 0.649379 	 0.222626 	 -0.233044 	 -0.136229 	 0.005749 	 -0.094691 	 0.036450 
-0.347905 	 -0.103224 	 -0.361905 	 -0.129502 	 0.223495 	 0.235853 	 -0.202027 	 0.061174 
