0.217484 0.000000 -3.458987 0.000000 0.000000 0.000000
1.928134 3.882728 -1.219496 0.000000 0.000000 0.000000
6.753486 4.423930 -0.206470 0.000000 0.000000 0.000000
-7.628241 2.245688 -5.017670 0.000000 0.000000 0.000000
7.408767 -3.388350 1.119358 0.000000 0.000000 0.000000
2.138628 0.707262 1.423066 0.000000 0.000000 0.000000
-0.129794 8.753326 -3.861791 0.000000 0.000000 0.000000
-4.258773 -0.855662 6.739162 0.000000 0.000000 0.000000
2.784400 -6.977525 -5.985887 0.000000 0.000000 0.000000
-4.492626 -2.135278 -7.907447 0.000000 0.000000 0.000000
6.195394 -0.589918 -7.352876 0.000000 0.000000 0.000000
0.819442 -3.722664 -5.050238 0.000000 0.000000 0.000000
8.458682 1.060032 -2.137836 0.000000 0.000000 0.000000
-0.667663 -1.440481 0.929958 0.000000 0.000000 0.000000
-4.017663 -3.987820 -6.361921 0.000000 0.000000 0.000000
0.808994 -6.116727 -4.965035 0.000000 0.000000 0.000000
-8.247504 -0.492902 -3.271218 0.000000 0.000000 0.000000
-3.178635 3.504465 5.407971 0.000000 0.000000 0.000000
-7.970223 -1.275319 -1.177310 0.000000 0.000000 0.000000
-3.489955 -6.161521 -6.183018 0.000000 0.000000 0.000000
2.041251 -2.408158 2.017179 0.000000 0.000000 0.000000
4.011266 -0.850962 -1.440466 0.000000 0.000000 0.000000
-0.585910 4.565358 -7.473705 0.000000 0.000000 0.000000
3.050622 -7.682622 -0.593191 0.000000 0.000000 0.000000
-8.877483 -0.682008 1.564103 0.000000 0.000000 0.000000
6.756342 -7.043486 1.540780 0.000000 0.000000 0.000000
-2.747560 4.745411 -1.203308 0.000000 0.000000 0.000000
5.043910 4.273439 6.578337 0.000000 0.000000 0.000000
2.925775 -0.852264 4.187605 0.000000 0.000000 0.000000
-0.415645 -0.980505 -1.193076 0.000000 0.000000 0.000000
6.607349 0.020873 -5.141165 0.000000 0.000000 0.000000
-1.768231 1.769139 -7.331039 0.000000 0.000000 0.000000
1.444574 -6.397847 -0.762861 0.000000 0.000000 0.000000
5.433479 -7.156512 0.467371 0.000000 0.000000 0.000000
-0.654445 6.362093 4.402042 0.000000 0.000000 0.000000
2.924919 8.455753 -0.950571 0.000000 0.000000 0.000000
6.501686 -1.406489 3.982664 0.000000 0.000000 0.000000
4.381013 -4.726442 -6.922510 0.000000 0.000000 0.000000
4.101881 0.468189 7.715574 0.000000 0.000000 0.000000
1.835516 -5.652577 -6.053226 0.000000 0.000000 0.000000
5.014098 -3.258468 3.926058 0.000000 0.000000 0.000000
4.579476 -1.671893 5.876677 0.000000 0.000000 0.000000
4.022168 6.612766 -1.177202 0.000000 0.000000 0.000000
8.860725 1.755466 2.006641 0.000000 0.000000 0.000000
3.966462 8.784267 0.484864 0.000000 0.000000 0.000000
-1.224818 3.163604 6.456839 0.000000 0.000000 0.000000
3.586811 -1.673745 5.729664 0.000000 0.000000 0.000000
-8.865837 -1.854178 4.002108 0.000000 0.000000 0.000000
0.440316 -3.858218 2.265305 0.000000 0.000000 0.000000
1.247866 -1.630488 -1.759516 0.000000 0.000000 0.000000
-5.768972 3.216342 -2.945269 0.000000 0.000000 0.000000
-4.367938 2.447373 -5.241440 0.000000 0.000000 0.000000
-0.547601 1.693301 -5.943390 0.000000 0.000000 0.000000
6.515714 1.547381 -4.501755 0.000000 0.000000 0.000000
-5.908754 0.203336 7.023738 0.000000 0.000000 0.000000
4.953043 1.925227 -6.221783 0.000000 0.000000 0.000000
-4.557041 6.993248 -0.723686 0.000000 0.000000 0.000000
-4.105106 -2.432976 -8.047383 0.000000 0.000000 0.000000
-4.657137 3.244291 0.984864 0.000000 0.000000 0.000000
3.518838 -2.827216 -3.833640 0.000000 0.000000 0.000000
5.448550 4.849236 -6.804941 0.000000 0.000000 0.000000
-2.811374 -6.130814 5.380147 0.000000 0.000000 0.000000
-3.943460 7.243856 4.453237 0.000000 0.000000 0.000000
-1.210758 -6.632074 2.245153 0.000000 0.000000 0.000000
-7.078888 -5.883545 -1.587845 0.000000 0.000000 0.000000
0.475212 -3.132009 -1.602431 0.000000 0.000000 0.000000
-6.900322 -5.082682 0.241623 0.000000 0.000000 0.000000
2.895548 6.244075 -3.400985 0.000000 0.000000 0.000000
-4.056818 -5.095531 3.618668 0.000000 0.000000 0.000000
-6.797650 -6.228637 2.244926 0.000000 0.000000 0.000000
1.101346 2.397204 -1.097626 0.000000 0.000000 0.000000
4.277954 0.247078 9.001153 0.000000 0.000000 0.000000
2.672414 9.185577 2.036215 0.000000 0.000000 0.000000
-7.043550 -2.766613 0.712448 0.000000 0.000000 0.000000
-5.134200 1.677054 -2.262680 0.000000 0.000000 0.000000
0.551546 2.527038 -5.347040 0.000000 0.000000 0.000000
-3.717470 -1.881316 6.191347 0.000000 0.000000 0.000000
-4.540263 -6.605432 -2.416021 0.000000 0.000000 0.000000
-1.853507 1.495569 -6.139022 0.000000 0.000000 0.000000
8.125674 5.272329 -1.084141 0.000000 0.000000 0.000000
8.183734 -4.413435 2.015569 0.000000 0.000000 0.000000
8.731300 0.809699 3.529564 0.000000 0.000000 0.000000
0.765670 0.811743 -2.074613 0.000000 0.000000 0.000000
-1.305402 1.064009 1.805966 0.000000 0.000000 0.000000
4.911216 -2.530108 6.741031 0.000000 0.000000 0.000000
-1.353460 -1.989160 -3.838601 0.000000 0.000000 0.000000
9.228299 0.188595 0.493044 0.000000 0.000000 0.000000
-5.239410 -7.608231 0.851485 0.000000 0.000000 0.000000
-0.803070 -5.458826 -3.129629 0.000000 0.000000 0.000000
5.006117 5.925533 -0.264684 0.000000 0.000000 0.000000
7.657577 5.628203 0.080102 0.000000 0.000000 0.000000
7.550223 0.477293 6.353985 0.000000 0.000000 0.000000
2.021249 0.248371 3.420413 0.000000 0.000000 0.000000
4.970335 1.208550 -4.036609 0.000000 0.000000 0.000000
-4.807259 1.652169 1.591372 0.000000 0.000000 0.000000
-7.717185 0.624174 2.428764 0.000000 0.000000 0.000000
-5.451837 6.866469 -1.899779 0.000000 0.000000 0.000000
-0.691764 -4.315285 -1.838268 0.000000 0.000000 0.000000
4.606002 -2.891507 2.990376 0.000000 0.000000 0.000000
-1.664197 -2.331720 -0.781471 0.000000 0.000000 0.000000
0.895129 -1.244199 -3.508422 0.000000 0.000000 0.000000
-7.097456 3.558186 -0.322078 0.000000 0.000000 0.000000
9.402254 -1.156184 2.085589 0.000000 0.000000 0.000000
0.023426 -8.951694 4.234707 0.000000 0.000000 0.000000
2.285422 0.424247 -1.242540 0.000000 0.000000 0.000000
3.068490 1.703932 -3.352651 0.000000 0.000000 0.000000
0.099838 -2.429153 4.426498 0.000000 0.000000 0.000000
-4.618663 -3.038536 -6.364600 0.000000 0.000000 0.000000
5.948802 2.613103 -3.632158 0.000000 0.000000 0.000000
2.330120 -0.783293 -0.753356 0.000000 0.000000 0.000000
7.988892 -1.346464 4.993711 0.000000 0.000000 0.000000
-1.863584 1.264261 2.446349 0.000000 0.000000 0.000000
2.535874 9.498827 -1.525536 0.000000 0.000000 0.000000
-7.055475 -3.019166 1.184373 0.000000 0.000000 0.000000
-5.577627 1.277699 3.504131 0.000000 0.000000 0.000000
-2.665701 1.525899 -4.137777 0.000000 0.000000 0.000000
-2.371062 -7.016912 -6.154620 0.000000 0.000000 0.000000
-0.573269 -4.748612 -2.059185 0.000000 0.000000 0.000000
3.740370 -7.444711 -0.969576 0.000000 0.000000 0.000000
9.551181 -1.351861 0.051880 0.000000 0.000000 0.000000
-1.065272 -6.673842 -3.672229 0.000000 0.000000 0.000000
-0.075094 0.997625 2.364863 0.000000 0.000000 0.000000
2.551089 -1.001920 3.704800 0.000000 0.000000 0.000000
-5.114266 -0.682761 -7.695777 0.000000 0.000000 0.000000
3.833206 -4.138364 -7.747915 0.000000 0.000000 0.000000
6.250533 0.235993 -4.642363 0.000000 0.000000 0.000000
-1.414263 -1.805180 4.007354 0.000000 0.000000 0.000000
-7.853774 -3.749976 0.132005 0.000000 0.000000 0.000000
6.092070 -4.854636 4.165014 0.000000 0.000000 0.000000
2.845401 -7.274833 -4.745250 0.000000 0.000000 0.000000
0.916555 -7.753287 0.663824 0.000000 0.000000 0.000000
-3.621061 2.160562 -6.887590 0.000000 0.000000 0.000000
-4.384921 -0.210171 2.556212 0.000000 0.000000 0.000000
3.950744 0.233016 2.460219 0.000000 0.000000 0.000000
2.714324 -0.601573 -4.005592 0.000000 0.000000 0.000000
4.173150 -3.183862 2.954393 0.000000 0.000000 0.000000
-7.053195 -4.198826 -4.976258 0.000000 0.000000 0.000000
-3.576890 2.735377 -8.649304 0.000000 0.000000 0.000000
-3.929446 1.211010 4.545024 0.000000 0.000000 0.000000
-9.364045 0.650488 1.351467 0.000000 0.000000 0.000000
0.361121 1.792757 2.842939 0.000000 0.000000 0.000000
-1.787025 1.159601 -4.212058 0.000000 0.000000 0.000000
-4.719973 -0.893673 0.708500 0.000000 0.000000 0.000000
8.663091 2.373906 0.016212 0.000000 0.000000 0.000000
-3.112392 0.112871 -1.007643 0.000000 0.000000 0.000000
-2.959035 3.293058 6.618856 0.000000 0.000000 0.000000
0.853134 -1.008241 2.105061 0.000000 0.000000 0.000000
-1.897248 7.396717 -4.664508 0.000000 0.000000 0.000000
4.179505 3.100178 3.469690 0.000000 0.000000 0.000000
-7.162397 3.279418 1.467986 0.000000 0.000000 0.000000
0.973612 -8.277093 4.120198 0.000000 0.000000 0.000000
-0.556859 -9.336176 0.115601 0.000000 0.000000 0.000000
8.761327 3.422083 1.443986 0.000000 0.000000 0.000000
-3.565988 -1.187808 3.278264 0.000000 0.000000 0.000000
-0.062161 -0.243203 -3.158117 0.000000 0.000000 0.000000
-1.615702 6.079141 2.295898 0.000000 0.000000 0.000000
-4.069224 1.796312 -2.262747 0.000000 0.000000 0.000000
3.040532 3.419614 -5.898379 0.000000 0.000000 0.000000
1.992949 -4.195210 -2.539585 0.000000 0.000000 0.000000
5.844624 0.510943 -3.939435 0.000000 0.000000 0.000000
0.652442 -8.687698 -1.390365 0.000000 0.000000 0.000000
-4.855612 -0.822042 -1.781903 0.000000 0.000000 0.000000
-5.564724 5.539737 4.405752 0.000000 0.000000 0.000000
-0.705344 -6.193936 -5.367516 0.000000 0.000000 0.000000
-2.179993 -5.082651 6.101165 0.000000 0.000000 0.000000
-5.521734 8.153718 0.703933 0.000000 0.000000 0.000000
6.743572 -3.534208 4.459693 0.000000 0.000000 0.000000
-4.411078 7.335534 -2.482401 0.000000 0.000000 0.000000
-1.224204 -1.999249 -0.491250 0.000000 0.000000 0.000000
-4.758840 3.106726 2.020777 0.000000 0.000000 0.000000
2.207093 1.377757 0.629447 0.000000 0.000000 0.000000
1.191670 5.707727 -4.237478 0.000000 0.000000 0.000000
-5.938962 4.325009 -3.322970 0.000000 0.000000 0.000000
2.303377 -8.492705 -1.850552 0.000000 0.000000 0.000000
-1.560155 -4.536568 1.312926 0.000000 0.000000 0.000000
-0.237647 -2.264851 -2.014595 0.000000 0.000000 0.000000
0.871569 4.078098 -3.647916 0.000000 0.000000 0.000000
-8.812530 -1.603496 -3.614542 0.000000 0.000000 0.000000
-2.611247 0.963921 -4.338965 0.000000 0.000000 0.000000
-8.828125 -1.990236 2.697617 0.000000 0.000000 0.000000
6.667260 -1.282566 -2.286640 0.000000 0.000000 0.000000
-0.482252 -2.029406 -4.540779 0.000000 0.000000 0.000000
-0.179873 3.451122 8.769646 0.000000 0.000000 0.000000
-3.284196 -7.978478 3.516275 0.000000 0.000000 0.000000
-8.584102 -1.338010 1.465671 0.000000 0.000000 0.000000
-5.392539 1.375408 3.383591 0.000000 0.000000 0.000000
-1.073012 2.399400 -4.595891 0.000000 0.000000 0.000000
-8.252821 1.433864 -5.110624 0.000000 0.000000 0.000000
-2.365708 4.266309 -2.655546 0.000000 0.000000 0.000000
3.766958 -3.820521 5.691087 0.000000 0.000000 0.000000
0.813812 3.839484 2.554817 0.000000 0.000000 0.000000
1.216079 4.471871 -2.957883 0.000000 0.000000 0.000000
-0.356489 3.766273 2.904599 0.000000 0.000000 0.000000
-0.202226 3.895605 4.549115 0.000000 0.000000 0.000000
-4.555355 -7.711296 2.329039 0.000000 0.000000 0.000000
-3.450682 5.012804 1.644380 0.000000 0.000000 0.000000
5.691664 1.308931 4.543028 0.000000 0.000000 0.000000
-7.332326 2.988491 4.728114 0.000000 0.000000 0.000000
-6.526801 0.810576 3.148579 0.000000 0.000000 0.000000
9.376574 1.677078 -1.593669 0.000000 0.000000 0.000000
-5.161021 -4.399738 6.093221 0.000000 0.000000 0.000000
-4.010361 -3.175325 5.351443 0.000000 0.000000 0.000000
0.361265 4.638876 0.800779 0.000000 0.000000 0.000000
-6.427596 0.385819 6.138732 0.000000 0.000000 0.000000
2.344284 1.810197 1.239265 0.000000 0.000000 0.000000
-5.162466 2.553512 3.021674 0.000000 0.000000 0.000000
-2.867900 4.798208 -2.239978 0.000000 0.000000 0.000000
-3.183510 -2.552148 0.656973 0.000000 0.000000 0.000000
-4.839178 0.631742 -4.504347 0.000000 0.000000 0.000000
-0.287507 -0.436517 4.499847 0.000000 0.000000 0.000000
2.744802 0.922949 -9.334476 0.000000 0.000000 0.000000
6.864244 2.883515 3.491739 0.000000 0.000000 0.000000
-1.417444 0.872926 7.539879 0.000000 0.000000 0.000000
-2.336923 -7.156222 3.038414 0.000000 0.000000 0.000000
-7.467331 -3.865518 0.714335 0.000000 0.000000 0.000000
-2.627378 2.736822 4.982009 0.000000 0.000000 0.000000
-5.585898 3.428258 0.929346 0.000000 0.000000 0.000000
2.795871 -4.929295 -2.970500 0.000000 0.000000 0.000000
-2.372997 0.099662 -4.153605 0.000000 0.000000 0.000000
0.921568 8.595662 2.090687 0.000000 0.000000 0.000000
-0.223222 4.003144 3.057467 0.000000 0.000000 0.000000
-3.541928 2.409891 3.357780 0.000000 0.000000 0.000000
-2.662426 0.995914 1.174649 0.000000 0.000000 0.000000
-9.350640 -2.584471 0.156360 0.000000 0.000000 0.000000
-5.981137 2.419964 6.850286 0.000000 0.000000 0.000000
-3.264600 -5.600030 7.225108 0.000000 0.000000 0.000000
2.953866 4.128999 -7.152669 0.000000 0.000000 0.000000
2.824460 3.050536 5.390908 0.000000 0.000000 0.000000
5.329170 2.531411 0.973755 0.000000 0.000000 0.000000
-2.993785 -8.042362 -3.590772 0.000000 0.000000 0.000000
5.259186 -5.018062 4.060812 0.000000 0.000000 0.000000
4.200479 -4.629436 5.974601 0.000000 0.000000 0.000000
7.363382 5.190763 2.302311 0.000000 0.000000 0.000000
4.213537 -1.974286 -0.516050 0.000000 0.000000 0.000000
3.427416 -1.291787 3.607085 0.000000 0.000000 0.000000
4.162851 -6.402384 3.006940 0.000000 0.000000 0.000000
8.615500 -0.996714 -2.752077 0.000000 0.000000 0.000000
2.336938 9.077463 -1.474170 0.000000 0.000000 0.000000
7.000425 0.947391 -3.972785 0.000000 0.000000 0.000000
-4.985189 -5.144633 4.689747 0.000000 0.000000 0.000000
1.520408 -5.879882 -7.446204 0.000000 0.000000 0.000000
0.803835 -5.417751 5.593215 0.000000 0.000000 0.000000
0.902102 -5.923250 -2.843825 0.000000 0.000000 0.000000
2.293529 6.759689 -3.171161 0.000000 0.000000 0.000000
-3.222324 7.579488 -1.597209 0.000000 0.000000 0.000000
-2.111614 1.237291 2.649883 0.000000 0.000000 0.000000
6.205583 1.752720 3.978556 0.000000 0.000000 0.000000
-9.819055 0.598749 0.656711 0.000000 0.000000 0.000000
-2.621315 0.734860 6.747243 0.000000 0.000000 0.000000
-2.527819 0.596205 -6.423144 0.000000 0.000000 0.000000
2.726367 -2.967676 7.924943 0.000000 0.000000 0.000000
0.445840 7.578745 -5.738628 0.000000 0.000000 0.000000
-2.385080 -6.707738 -6.275627 0.000000 0.000000 0.000000
1.808287 4.302311 -8.525919 0.000000 0.000000 0.000000
-1.925185 4.830981 -4.088842 0.000000 0.000000 0.000000
8.182395 -0.074043 -4.764804 0.000000 0.000000 0.000000
-7.982692 3.915516 -0.754014 0.000000 0.000000 0.000000
-6.405007 -0.012982 -2.785212 0.000000 0.000000 0.000000
5.393306 0.305391 4.694630 0.000000 0.000000 0.000000
5.406813 -5.279101 -3.835448 0.000000 0.000000 0.000000
0.431461 -4.765831 -3.264998 0.000000 0.000000 0.000000
-3.909850 3.978188 1.817350 0.000000 0.000000 0.000000
-3.468236 1.659592 -0.484447 0.000000 0.000000 0.000000
4.353381 -4.632499 2.238978 0.000000 0.000000 0.000000
3.899597 3.230005 8.383805 0.000000 0.000000 0.000000
-6.140732 3.896177 -5.087427 0.000000 0.000000 0.000000
-1.664067 7.637265 -3.555370 0.000000 0.000000 0.000000
-8.534588 -2.646172 1.583925 0.000000 0.000000 0.000000
3.319350 1.535256 8.215445 0.000000 0.000000 0.000000
1.430463 0.809824 4.450644 0.000000 0.000000 0.000000
6.056784 3.878075 -0.868945 0.000000 0.000000 0.000000
-0.776442 -3.109523 5.798221 0.000000 0.000000 0.000000
2.167843 -0.827100 -1.987900 0.000000 0.000000 0.000000
-3.099265 2.630654 7.961207 0.000000 0.000000 0.000000
-8.607207 2.130644 -3.067228 0.000000 0.000000 0.000000
-4.774728 -2.859626 6.937886 0.000000 0.000000 0.000000
4.695886 -2.594001 6.694740 0.000000 0.000000 0.000000
-2.913998 3.620992 -8.000801 0.000000 0.000000 0.000000
-6.365401 -6.434103 -0.781765 0.000000 0.000000 0.000000
-2.086299 7.550168 1.985142 0.000000 0.000000 0.000000
1.689263 -5.433666 2.452504 0.000000 0.000000 0.000000
2.360179 7.774614 1.283250 0.000000 0.000000 0.000000
1.457669 -1.048451 7.379250 0.000000 0.000000 0.000000
-1.303861 0.925873 -7.653540 0.000000 0.000000 0.000000
-3.238516 -0.959767 -7.034364 0.000000 0.000000 0.000000
-0.767053 -5.971478 -3.757408 0.000000 0.000000 0.000000
2.720547 -0.663716 -4.532282 0.000000 0.000000 0.000000
2.482625 4.788795 2.073667 0.000000 0.000000 0.000000
-0.032987 -5.467023 -8.258467 0.000000 0.000000 0.000000
-3.030740 6.638392 3.328676 0.000000 0.000000 0.000000
2.331091 -1.748934 4.390182 0.000000 0.000000 0.000000
-2.187291 -6.475782 5.972011 0.000000 0.000000 0.000000
6.903088 -0.310076 6.074679 0.000000 0.000000 0.000000
-2.946133 -5.152628 2.076664 0.000000 0.000000 0.000000
4.589003 5.470907 1.196321 0.000000 0.000000 0.000000
0.191161 0.379536 8.417992 0.000000 0.000000 0.000000
0.062522 -1.525371 8.374832 0.000000 0.000000 0.000000
4.414857 3.194914 -7.830563 0.000000 0.000000 0.000000
-5.657736 -2.115845 0.754637 0.000000 0.000000 0.000000
-6.076958 -2.246968 5.284366 0.000000 0.000000 0.000000
-0.795478 -8.813959 -4.020334 0.000000 0.000000 0.000000
-3.949883 0.659636 -3.760672 0.000000 0.000000 0.000000
-0.735146 -7.453489 6.496833 0.000000 0.000000 0.000000
4.613726 1.373374 -7.600858 0.000000 0.000000 0.000000
-2.152551 -0.534679 3.513511 0.000000 0.000000 0.000000
0.275135 3.500025 5.781250 0.000000 0.000000 0.000000
-0.027760 -0.208470 6.339308 0.000000 0.000000 0.000000
-5.300178 0.528982 -5.965994 0.000000 0.000000 0.000000
4.800622 -0.048566 4.781282 0.000000 0.000000 0.000000
-5.958538 3.206081 1.326735 0.000000 0.000000 0.000000
-9.188068 2.505983 -0.574670 0.000000 0.000000 0.000000
-3.471504 -1.177265 1.031082 0.000000 0.000000 0.000000
-6.180938 1.205301 -4.452531 0.000000 0.000000 0.000000
7.168848 4.566249 4.298771 0.000000 0.000000 0.000000
2.483598 5.031876 3.494063 0.000000 0.000000 0.000000
-0.399342 0.534021 1.623908 0.000000 0.000000 0.000000
-0.024814 8.450275 -4.495235 0.000000 0.000000 0.000000
3.472498 2.223548 5.474243 0.000000 0.000000 0.000000
2.393247 -6.585418 3.489135 0.000000 0.000000 0.000000
-0.544159 7.932192 -0.316310 0.000000 0.000000 0.000000
3.777723 -1.045867 1.139991 0.000000 0.000000 0.000000
-4.531959 -3.810105 -0.816140 0.000000 0.000000 0.000000
9.524181 1.153736 -1.242772 0.000000 0.000000 0.000000
-5.424738 -2.756416 -1.905747 0.000000 0.000000 0.000000
-0.659974 1.987964 2.677897 0.000000 0.000000 0.000000
2.355808 -3.419153 -7.964275 0.000000 0.000000 0.000000
3.340187 0.382603 -3.135716 0.000000 0.000000 0.000000
-5.694488 6.568932 1.035040 0.000000 0.000000 0.000000
-3.784273 8.552748 0.332449 0.000000 0.000000 0.000000
1.495154 -5.652558 5.525968 0.000000 0.000000 0.000000
-8.342777 -3.399811 -1.760222 0.000000 0.000000 0.000000
3.753198 -2.153929 1.527696 0.000000 0.000000 0.000000
1.246998 -2.233404 -0.535442 0.000000 0.000000 0.000000
0.907517 5.484067 2.741189 0.000000 0.000000 0.000000
-1.057876 -1.333268 -9.761084 0.000000 0.000000 0.000000
3.219520 2.226100 -7.170510 0.000000 0.000000 0.000000
-3.101852 -5.415771 -5.020361 0.000000 0.000000 0.000000
0.134473 0.286219 3.921752 0.000000 0.000000 0.000000
7.608266 -2.555907 1.629956 0.000000 0.000000 0.000000
3.453355 -1.710156 -5.697632 0.000000 0.000000 0.000000
6.886379 4.461831 -4.908562 0.000000 0.000000 0.000000
-2.762534 -5.064047 2.201522 0.000000 0.000000 0.000000
2.589333 -7.859999 1.007001 0.000000 0.000000 0.000000
-7.762096 -5.747086 0.646094 0.000000 0.000000 0.000000
7.469224 -5.531888 1.357249 0.000000 0.000000 0.000000
6.485711 0.889735 -0.565303 0.000000 0.000000 0.000000
-3.166879 -1.510404 -2.437687 0.000000 0.000000 0.000000
2.030873 6.750908 4.416000 0.000000 0.000000 0.000000
4.214321 -5.707105 5.327883 0.000000 0.000000 0.000000
-5.523653 -3.516440 -2.589839 0.000000 0.000000 0.000000
-0.038380 -1.747247 1.570314 0.000000 0.000000 0.000000
-6.606056 1.757727 -2.730038 0.000000 0.000000 0.000000
2.339286 6.562041 2.980279 0.000000 0.000000 0.000000
1.904168 -2.817739 -6.176375 0.000000 0.000000 0.000000
8.657287 -4.924086 0.491552 0.000000 0.000000 0.000000
-6.218213 -0.803240 6.625773 0.000000 0.000000 0.000000
-6.402586 -0.174600 -4.405415 0.000000 0.000000 0.000000
0.445970 0.063796 -4.254007 0.000000 0.000000 0.000000
-7.367405 -2.817126 0.150796 0.000000 0.000000 0.000000
-5.638561 -3.440406 -6.986176 0.000000 0.000000 0.000000
4.517784 2.026920 7.515398 0.000000 0.000000 0.000000
5.433378 0.497836 6.998141 0.000000 0.000000 0.000000
-7.198392 -0.397439 6.366659 0.000000 0.000000 0.000000
1.839274 8.762080 0.824087 0.000000 0.000000 0.000000
-5.833937 -1.505470 5.069558 0.000000 0.000000 0.000000
-2.012184 0.363130 -6.493706 0.000000 0.000000 0.000000
-1.976752 -6.623949 -1.495782 0.000000 0.000000 0.000000
1.877472 -5.919132 0.229692 0.000000 0.000000 0.000000
1.300914 5.327770 -5.971750 0.000000 0.000000 0.000000
0.065094 -7.980320 4.640149 0.000000 0.000000 0.000000
-0.921288 -6.514158 -2.438297 0.000000 0.000000 0.000000
-0.633940 4.933784 6.069033 0.000000 0.000000 0.000000
-5.149197 7.872283 -1.341859 0.000000 0.000000 0.000000
-5.816690 1.601105 -0.706708 0.000000 0.000000 0.000000
6.999036 -3.671117 -5.501913 0.000000 0.000000 0.000000
9.014748 -3.523928 1.226370 0.000000 0.000000 0.000000
6.770387 -3.069929 -4.691857 0.000000 0.000000 0.000000
-9.179329 2.442597 0.947637 0.000000 0.000000 0.000000
0.191256 -1.769349 -0.859548 0.000000 0.000000 0.000000
2.506694 0.680062 -7.154009 0.000000 0.000000 0.000000
-6.426943 -0.513965 1.929705 0.000000 0.000000 0.000000
-0.018975 0.954861 1.899652 0.000000 0.000000 0.000000
1.556375 8.776513 -0.923539 0.000000 0.000000 0.000000
-0.682921 1.270032 4.754318 0.000000 0.000000 0.000000
4.403899 6.030285 4.645484 0.000000 0.000000 0.000000
6.207653 -4.224714 1.493488 0.000000 0.000000 0.000000
-4.106603 -0.379736 -0.638077 0.000000 0.000000 0.000000
5.002382 -4.718248 -5.414639 0.000000 0.000000 0.000000
-3.623125 -3.485115 -6.947956 0.000000 0.000000 0.000000
9.154113 0.386138 -2.337621 0.000000 0.000000 0.000000
3.559714 -3.014858 -4.096263 0.000000 0.000000 0.000000
9.270468 1.405663 1.379694 0.000000 0.000000 0.000000
-2.972399 2.765662 7.856690 0.000000 0.000000 0.000000
3.995715 -7.985611 3.791236 0.000000 0.000000 0.000000
6.625229 1.581205 1.938230 0.000000 0.000000 0.000000
-3.313200 -0.413726 9.110558 0.000000 0.000000 0.000000
-6.598433 2.275495 -0.753677 0.000000 0.000000 0.000000
6.993895 0.867170 -3.825729 0.000000 0.000000 0.000000
0.150679 5.043645 -0.436411 0.000000 0.000000 0.000000
-5.433107 1.650601 -7.137972 0.000000 0.000000 0.000000
-2.072652 4.791074 -7.196997 0.000000 0.000000 0.000000
7.006927 -6.552132 0.073171 0.000000 0.000000 0.000000
-3.452049 3.305185 -1.786283 0.000000 0.000000 0.000000
-2.816091 -2.582611 -5.338596 0.000000 0.000000 0.000000
-1.450303 0.958812 -7.639060 0.000000 0.000000 0.000000
-4.329677 3.652676 -2.512292 0.000000 0.000000 0.000000
-4.517342 3.019295 5.845635 0.000000 0.000000 0.000000
6.429667 -4.297117 -3.745629 0.000000 0.000000 0.000000
2.780742 -2.648627 5.678640 0.000000 0.000000 0.000000
-4.624892 -8.044569 1.295994 0.000000 0.000000 0.000000
-5.209449 -7.083354 3.366712 0.000000 0.000000 0.000000
-0.676056 -1.518773 -3.910189 0.000000 0.000000 0.000000
2.745394 0.020476 5.689304 0.000000 0.000000 0.000000
-7.040632 1.284332 -4.670250 0.000000 0.000000 0.000000
-7.564722 -1.717237 4.624170 0.000000 0.000000 0.000000
-6.149849 -3.991999 2.465033 0.000000 0.000000 0.000000
3.435659 -2.837632 -7.672261 0.000000 0.000000 0.000000
-6.537626 1.700413 5.497749 0.000000 0.000000 0.000000
1.379321 -1.229205 7.820933 0.000000 0.000000 0.000000
-0.142944 5.061731 -8.529780 0.000000 0.000000 0.000000
-2.516159 -3.100806 -3.629888 0.000000 0.000000 0.000000
0.306530 -6.477115 -6.750359 0.000000 0.000000 0.000000
4.463410 3.561276 5.874669 0.000000 0.000000 0.000000
2.843168 3.551677 2.200417 0.000000 0.000000 0.000000
-6.805058 -4.207808 -5.930962 0.000000 0.000000 0.000000
4.028473 -4.428067 -4.492414 0.000000 0.000000 0.000000
4.654133 -6.851712 5.146359 0.000000 0.000000 0.000000
-0.392838 1.030886 4.289700 0.000000 0.000000 0.000000
-1.839421 5.127570 -1.579143 0.000000 0.000000 0.000000
-3.576294 -6.678083 3.129758 0.000000 0.000000 0.000000
-3.781285 6.236152 -0.259505 0.000000 0.000000 0.000000
1.569021 -4.802260 1.574825 0.000000 0.000000 0.000000
-6.752258 0.811859 2.543296 0.000000 0.000000 0.000000
-0.588785 5.697356 0.949885 0.000000 0.000000 0.000000
1.017678 -1.042471 -8.795477 0.000000 0.000000 0.000000
-6.560335 -6.459265 -1.585385 0.000000 0.000000 0.000000
2.793180 -0.915278 -4.355259 0.000000 0.000000 0.000000
-2.110282 -2.550577 -2.333024 0.000000 0.000000 0.000000
-1.957170 1.924381 -7.359538 0.000000 0.000000 0.000000
7.523185 -4.859875 -3.276960 0.000000 0.000000 0.000000
1.811379 0.866577 -2.415375 0.000000 0.000000 0.000000
6.174982 -0.264703 2.520069 0.000000 0.000000 0.000000
4.620184 1.441221 -3.081824 0.000000 0.000000 0.000000
3.050776 6.297012 3.059425 0.000000 0.000000 0.000000
-1.901032 -1.802542 -8.654328 0.000000 0.000000 0.000000
-4.578912 3.832789 -7.401495 0.000000 0.000000 0.000000
5.745513 -0.288771 -4.509816 0.000000 0.000000 0.000000
4.212370 -4.669485 4.958234 0.000000 0.000000 0.000000
4.259119 3.647657 -2.062517 0.000000 0.000000 0.000000
-1.409364 -8.947826 -2.925876 0.000000 0.000000 0.000000
-0.673195 6.907362 -6.198377 0.000000 0.000000 0.000000
-6.892035 -2.715221 -2.928436 0.000000 0.000000 0.000000
-6.318113 -5.694015 -1.066399 0.000000 0.000000 0.000000
6.956565 -3.034216 -1.925442 0.000000 0.000000 0.000000
-1.066625 4.019308 -4.716852 0.000000 0.000000 0.000000
-0.878627 3.847263 4.606215 0.000000 0.000000 0.000000
2.738309 2.394256 -8.945321 0.000000 0.000000 0.000000
0.205150 5.619109 8.012704 0.000000 0.000000 0.000000
-0.782763 0.349867 -3.454104 0.000000 0.000000 0.000000
7.525154 -3.510020 0.298569 0.000000 0.000000 0.000000
9.007201 0.681621 -3.629139 0.000000 0.000000 0.000000
8.724125 2.347632 -2.532385 0.000000 0.000000 0.000000
-3.495833 -4.025284 -1.386887 0.000000 0.000000 0.000000
2.577941 -8.715291 1.972651 0.000000 0.000000 0.000000
2.970234 -5.789120 0.968031 0.000000 0.000000 0.000000
3.655200 -2.159597 -7.846774 0.000000 0.000000 0.000000
0.976928 -3.947109 -6.158802 0.000000 0.000000 0.000000
1.630488 3.116741 -2.515357 0.000000 0.000000 0.000000
1.715135 7.942769 -1.106275 0.000000 0.000000 0.000000
7.033960 6.488777 -2.388171 0.000000 0.000000 0.000000
3.179541 5.219535 5.952542 0.000000 0.000000 0.000000
-0.617940 -7.452662 -1.171369 0.000000 0.000000 0.000000
-3.387146 1.160240 2.161540 0.000000 0.000000 0.000000
-2.460011 -4.832976 5.062694 0.000000 0.000000 0.000000
-4.803131 5.986499 -2.691971 0.000000 0.000000 0.000000
-6.397984 -3.270649 -6.548207 0.000000 0.000000 0.000000
6.310381 4.979436 1.567975 0.000000 0.000000 0.000000
-5.618786 -0.422814 6.898602 0.000000 0.000000 0.000000
-4.369529 7.426835 -3.467608 0.000000 0.000000 0.000000
3.704809 -5.060698 -6.774552 0.000000 0.000000 0.000000
-0.336302 2.451903 -5.727922 0.000000 0.000000 0.000000
1.712145 2.265610 6.170188 0.000000 0.000000 0.000000
0.941283 -2.194673 7.189163 0.000000 0.000000 0.000000
-1.693375 -6.112958 0.475152 0.000000 0.000000 0.000000
-3.161149 -2.183917 -8.493090 0.000000 0.000000 0.000000
5.266395 1.557766 -0.259245 0.000000 0.000000 0.000000
-2.238053 -4.534251 -4.657493 0.000000 0.000000 0.000000
4.999762 2.343580 -2.991665 0.000000 0.000000 0.000000
-5.683325 5.163229 -3.312289 0.000000 0.000000 0.000000
-0.515495 -0.655143 -6.744292 0.000000 0.000000 0.000000
-9.257943 2.125633 2.204190 0.000000 0.000000 0.000000
6.620556 2.311689 -6.704440 0.000000 0.000000 0.000000
-2.305540 7.489712 -5.132642 0.000000 0.000000 0.000000
-2.723302 4.534370 6.956115 0.000000 0.000000 0.000000
-0.459384 1.834460 8.494587 0.000000 0.000000 0.000000
-8.394522 -4.059459 -0.865393 0.000000 0.000000 0.000000
8.078043 -1.602682 3.473068 0.000000 0.000000 0.000000
-4.171718 7.050443 -0.644102 0.000000 0.000000 0.000000
-0.403972 -6.338306 5.316725 0.000000 0.000000 0.000000
-8.196059 2.877211 -4.156149 0.000000 0.000000 0.000000
2.551561 6.853007 -6.460071 0.000000 0.000000 0.000000
7.389964 -1.334035 5.089239 0.000000 0.000000 0.000000
2.576055 -2.352420 0.227898 0.000000 0.000000 0.000000
-3.385753 1.658138 -4.575330 0.000000 0.000000 0.000000
-3.724564 -5.462395 -0.591309 0.000000 0.000000 0.000000
-3.388832 -8.223817 3.939972 0.000000 0.000000 0.000000
-0.956165 -0.057174 6.592082 0.000000 0.000000 0.000000
-6.332507 2.718854 1.816458 0.000000 0.000000 0.000000
3.783433 -0.633441 9.154299 0.000000 0.000000 0.000000
5.724514 1.359698 3.613223 0.000000 0.000000 0.000000
2.897216 -0.336603 7.742052 0.000000 0.000000 0.000000
-3.992428 1.631801 -3.495712 0.000000 0.000000 0.000000
6.524137 5.281679 5.389551 0.000000 0.000000 0.000000
-7.218152 0.545848 0.392640 0.000000 0.000000 0.000000
-7.838606 -5.189523 -1.786629 0.000000 0.000000 0.000000
-3.298809 1.871744 5.114826 0.000000 0.000000 0.000000
4.793511 -4.238618 -6.376550 0.000000 0.000000 0.000000
-1.212488 -3.284646 7.215102 0.000000 0.000000 0.000000
-6.676098 -0.866693 -3.459980 0.000000 0.000000 0.000000
4.817524 3.520431 7.285455 0.000000 0.000000 0.000000
6.190918 -0.455783 0.093754 0.000000 0.000000 0.000000
-0.578629 3.826956 -7.587061 0.000000 0.000000 0.000000
0.578398 5.170158 -6.426737 0.000000 0.000000 0.000000
-2.447151 -2.138044 2.925469 0.000000 0.000000 0.000000
-4.017386 -3.372454 -2.663732 0.000000 0.000000 0.000000
-3.809569 -3.058655 2.757609 0.000000 0.000000 0.000000
-4.566452 4.372493 0.004948 0.000000 0.000000 0.000000
8.013361 5.177606 -2.145442 0.000000 0.000000 0.000000
1.413765 0.711974 9.833654 0.000000 0.000000 0.000000
4.305124 -3.348269 7.624832 0.000000 0.000000 0.000000
0.931222 -2.835682 -9.001043 0.000000 0.000000 0.000000
2.485233 -3.168612 0.038016 0.000000 0.000000 0.000000
5.155059 -7.322958 -3.367009 0.000000 0.000000 0.000000
6.541211 -2.396862 -6.976627 0.000000 0.000000 0.000000
-6.339721 2.202701 -4.185332 0.000000 0.000000 0.000000
1.500361 4.884623 3.120734 0.000000 0.000000 0.000000
2.556381 4.524505 7.416472 0.000000 0.000000 0.000000
0.646790 0.647803 -5.059549 0.000000 0.000000 0.000000
0.997068 -2.326300 7.913355 0.000000 0.000000 0.000000
-5.964282 -4.431038 6.031859 0.000000 0.000000 0.000000
2.824599 -5.432975 -1.492552 0.000000 0.000000 0.000000
-5.074570 3.349643 2.827160 0.000000 0.000000 0.000000
-2.373718 -1.007498 -1.576049 0.000000 0.000000 0.000000
-0.789626 3.373938 -5.137155 0.000000 0.000000 0.000000
3.970324 1.978519 7.556881 0.000000 0.000000 0.000000
3.942047 -7.388341 -4.296799 0.000000 0.000000 0.000000
-0.636055 2.098682 2.164084 0.000000 0.000000 0.000000
-3.860417 -6.609005 -0.708172 0.000000 0.000000 0.000000
3.731517 4.320663 0.697491 0.000000 0.000000 0.000000
-7.416170 4.140138 -1.689645 0.000000 0.000000 0.000000
6.390966 7.017980 0.032224 0.000000 0.000000 0.000000
-9.133892 -0.308591 0.193536 0.000000 0.000000 0.000000
-1.928885 -2.395335 2.938751 0.000000 0.000000 0.000000
4.012305 1.889692 3.663977 0.000000 0.000000 0.000000
-0.037801 -3.410141 -3.397888 0.000000 0.000000 0.000000
0.260084 -1.327232 4.980890 0.000000 0.000000 0.000000
-0.477759 -2.671565 -7.042597 0.000000 0.000000 0.000000
5.978193 -0.595882 0.082880 0.000000 0.000000 0.000000
-8.004381 4.028785 -3.611403 0.000000 0.000000 0.000000
4.463006 -0.143445 6.973378 0.000000 0.000000 0.000000
-7.826566 -1.504720 1.387580 0.000000 0.000000 0.000000
4.041364 -6.401494 -4.749490 0.000000 0.000000 0.000000
-6.520433 4.002335 -4.699857 0.000000 0.000000 0.000000
-4.513340 4.945618 2.851319 0.000000 0.000000 0.000000
4.412710 -1.505639 4.959024 0.000000 0.000000 0.000000
5.260770 3.069129 4.693625 0.000000 0.000000 0.000000
-7.237708 -0.032872 6.066606 0.000000 0.000000 0.000000
4.765468 -0.857728 -2.809390 0.000000 0.000000 0.000000
4.083312 -1.848972 8.436315 0.000000 0.000000 0.000000
-5.315020 -4.731956 3.108234 0.000000 0.000000 0.000000
2.183376 3.697486 0.361224 0.000000 0.000000 0.000000
-1.538684 -8.481422 2.203520 0.000000 0.000000 0.000000
6.726610 6.336817 -3.119359 0.000000 0.000000 0.000000
-4.714566 -2.836574 -7.067713 0.000000 0.000000 0.000000
-0.696170 7.906200 3.136945 0.000000 0.000000 0.000000
-2.198474 4.846701 5.060320 0.000000 0.000000 0.000000
5.433955 7.061577 1.626959 0.000000 0.000000 0.000000
5.603641 -0.940687 1.364957 0.000000 0.000000 0.000000
1.597886 8.718877 -0.668783 0.000000 0.000000 0.000000
0.086252 5.186078 -0.166501 0.000000 0.000000 0.000000
0.437136 -2.235085 0.268200 0.000000 0.000000 0.000000
-3.765777 -4.635739 -6.035311 0.000000 0.000000 0.000000
-3.207732 -1.990982 6.408591 0.000000 0.000000 0.000000
0.577555 -2.768892 -8.877563 0.000000 0.000000 0.000000
-6.135179 5.548199 1.586275 0.000000 0.000000 0.000000
-1.697896 -4.567720 1.139828 0.000000 0.000000 0.000000
4.988656 -2.113361 0.495827 0.000000 0.000000 0.000000
-7.717341 4.661349 1.069489 0.000000 0.000000 0.000000
-6.718457 -0.971583 -5.133175 0.000000 0.000000 0.000000
-1.759499 1.929696 1.450395 0.000000 0.000000 0.000000
-1.034965 0.393078 6.808650 0.000000 0.000000 0.000000
4.014489 4.666380 4.722405 0.000000 0.000000 0.000000
0.871682 -4.944266 1.040514 0.000000 0.000000 0.000000
-7.611096 1.518085 0.972174 0.000000 0.000000 0.000000
-1.802192 8.487854 3.023095 0.000000 0.000000 0.000000
-2.927220 -8.627877 -2.877440 0.000000 0.000000 0.000000
3.727731 -0.772859 1.271348 0.000000 0.000000 0.000000
-0.520274 1.805091 3.269231 0.000000 0.000000 0.000000
0.535127 -2.732388 -5.900692 0.000000 0.000000 0.000000
1.146157 -0.813474 3.038585 0.000000 0.000000 0.000000
8.629020 1.171468 2.693580 0.000000 0.000000 0.000000
-0.913236 5.791183 -1.091107 0.000000 0.000000 0.000000
6.338525 4.777970 -3.593025 0.000000 0.000000 0.000000
9.106110 1.376924 -0.845732 0.000000 0.000000 0.000000
4.139297 -3.672224 -7.456570 0.000000 0.000000 0.000000
-8.049338 -3.123716 1.816060 0.000000 0.000000 0.000000
-8.540296 2.472357 -2.794411 0.000000 0.000000 0.000000
-2.971195 -5.009604 4.444270 0.000000 0.000000 0.000000
-3.583293 -0.956951 2.249537 0.000000 0.000000 0.000000
1.407440 -8.139569 -3.137775 0.000000 0.000000 0.000000
1.586146 -0.349308 -8.341776 0.000000 0.000000 0.000000
7.397471 -0.872146 -0.827324 0.000000 0.000000 0.000000
-1.569686 8.815614 -2.404449 0.000000 0.000000 0.000000
1.146582 3.472992 7.431664 0.000000 0.000000 0.000000
-4.591569 -4.085945 -7.157463 0.000000 0.000000 0.000000
-4.864884 1.044938 4.636499 0.000000 0.000000 0.000000
-7.930362 -3.173223 -1.691163 0.000000 0.000000 0.000000
2.763506 -6.806381 4.959885 0.000000 0.000000 0.000000
-6.304812 2.273777 -3.448190 0.000000 0.000000 0.000000
-5.379713 -1.100310 0.423027 0.000000 0.000000 0.000000
-7.696905 -2.180804 -2.379595 0.000000 0.000000 0.000000
5.959626 4.759237 6.267499 0.000000 0.000000 0.000000
6.994487 1.380628 4.100617 0.000000 0.000000 0.000000
-2.095009 4.866001 5.493342 0.000000 0.000000 0.000000
1.783682 -8.745551 -3.867504 0.000000 0.000000 0.000000
6.764231 -1.194442 5.623666 0.000000 0.000000 0.000000
0.894648 -6.179874 -2.424229 0.000000 0.000000 0.000000
6.950744 -5.775592 2.433143 0.000000 0.000000 0.000000
-4.620958 -2.262597 6.153433 0.000000 0.000000 0.000000
0.770833 8.004604 3.415063 0.000000 0.000000 0.000000
-7.015532 4.888785 2.896784 0.000000 0.000000 0.000000
-9.265711 -3.205741 -1.328294 0.000000 0.000000 0.000000
3.136885 -6.784665 -6.064335 0.000000 0.000000 0.000000
-0.313728 -0.803353 0.530073 0.000000 0.000000 0.000000
0.158845 9.716200 2.193988 0.000000 0.000000 0.000000
4.274612 -5.823302 3.421997 0.000000 0.000000 0.000000
3.861594 -2.821335 -7.818362 0.000000 0.000000 0.000000
-6.592971 -2.228550 5.474271 0.000000 0.000000 0.000000
1.569493 1.937848 -3.741482 0.000000 0.000000 0.000000
-7.566124 -2.901919 3.252111 0.000000 0.000000 0.000000
3.412843 -6.818372 3.386916 0.000000 0.000000 0.000000
3.560446 -3.892531 -2.337366 0.000000 0.000000 0.000000
-4.862334 4.798728 2.923282 0.000000 0.000000 0.000000
3.105639 0.757821 5.049724 0.000000 0.000000 0.000000
-1.241630 -4.937190 5.666127 0.000000 0.000000 0.000000
6.243482 -0.573748 -0.628825 0.000000 0.000000 0.000000
2.330227 3.451344 -2.713560 0.000000 0.000000 0.000000
6.455233 5.152205 5.583539 0.000000 0.000000 0.000000
3.401923 2.071314 8.626790 0.000000 0.000000 0.000000
2.785399 4.715826 2.622552 0.000000 0.000000 0.000000
-5.484922 -2.642514 3.091680 0.000000 0.000000 0.000000
-0.917340 4.026873 -1.653728 0.000000 0.000000 0.000000
-3.689084 -6.761089 -2.561495 0.000000 0.000000 0.000000
5.127314 6.576039 -4.637117 0.000000 0.000000 0.000000
3.042486 0.790542 5.736681 0.000000 0.000000 0.000000
-2.350383 -5.756551 -6.407985 0.000000 0.000000 0.000000
-2.126447 -2.866749 6.735673 0.000000 0.000000 0.000000
-5.861459 2.805220 3.101115 0.000000 0.000000 0.000000
-0.551286 5.183877 6.805633 0.000000 0.000000 0.000000
0.456337 -3.842265 -3.176553 0.000000 0.000000 0.000000
3.624052 8.728921 -2.473448 0.000000 0.000000 0.000000
5.751808 2.553152 4.246560 0.000000 0.000000 0.000000
-1.345979 -0.696997 1.948290 0.000000 0.000000 0.000000
5.785899 3.223852 -1.887996 0.000000 0.000000 0.000000
0.524088 2.443213 0.998520 0.000000 0.000000 0.000000
-2.554954 0.892282 -7.221516 0.000000 0.000000 0.000000
-6.227254 -3.978502 -6.147405 0.000000 0.000000 0.000000
-0.373018 0.144532 3.645702 0.000000 0.000000 0.000000
2.984911 -5.221390 0.350877 0.000000 0.000000 0.000000
-5.733541 0.802876 -4.115768 0.000000 0.000000 0.000000
-2.547776 -7.781553 1.998869 0.000000 0.000000 0.000000
-1.562644 -2.290596 1.754625 0.000000 0.000000 0.000000
6.242851 -4.448241 4.203727 0.000000 0.000000 0.000000
-2.278423 8.805874 2.306968 0.000000 0.000000 0.000000
0.866311 5.831260 -0.477894 0.000000 0.000000 0.000000
3.770609 -2.852146 -4.481397 0.000000 0.000000 0.000000
0.407659 1.367410 3.665246 0.000000 0.000000 0.000000
2.081610 4.565824 2.110612 0.000000 0.000000 0.000000
4.672976 3.417920 -2.994931 0.000000 0.000000 0.000000
3.521054 1.699381 6.464482 0.000000 0.000000 0.000000
-8.543675 2.275071 0.080457 0.000000 0.000000 0.000000
1.241222 -0.675189 -9.493018 0.000000 0.000000 0.000000
1.765400 -5.575402 7.652492 0.000000 0.000000 0.000000
8.724552 -4.316902 0.532742 0.000000 0.000000 0.000000
-1.484484 -0.697155 0.479890 0.000000 0.000000 0.000000
3.776171 4.117075 -6.207183 0.000000 0.000000 0.000000
-0.586737 5.225422 -6.352094 0.000000 0.000000 0.000000
-1.788892 1.441379 6.395582 0.000000 0.000000 0.000000
3.575534 -3.213839 6.286730 0.000000 0.000000 0.000000
-6.033916 1.394120 2.799737 0.000000 0.000000 0.000000
5.995378 1.522550 6.639605 0.000000 0.000000 0.000000
1.134752 -6.222603 -3.824322 0.000000 0.000000 0.000000
5.671993 7.405334 -1.769010 0.000000 0.000000 0.000000
-5.172692 -1.725330 4.790886 0.000000 0.000000 0.000000
0.218744 2.952510 3.688369 0.000000 0.000000 0.000000
3.826635 0.119659 -2.693731 0.000000 0.000000 0.000000
-3.194007 5.594502 4.848724 0.000000 0.000000 0.000000
-3.503472 -7.132626 1.781807 0.000000 0.000000 0.000000
3.724443 5.252845 -6.780138 0.000000 0.000000 0.000000
-9.581374 1.823820 -1.209357 0.000000 0.000000 0.000000
1.933426 -3.524819 -5.949197 0.000000 0.000000 0.000000
2.015115 1.515427 2.841915 0.000000 0.000000 0.000000
-3.499843 1.955803 8.271407 0.000000 0.000000 0.000000
-2.083711 5.672113 1.899966 0.000000 0.000000 0.000000
-2.629976 1.338568 -5.603030 0.000000 0.000000 0.000000
-7.025089 -2.546787 -3.593599 0.000000 0.000000 0.000000
2.869654 3.355646 -2.849492 0.000000 0.000000 0.000000
-8.194001 3.694906 2.002628 0.000000 0.000000 0.000000
-2.872597 -5.940812 -6.314149 0.000000 0.000000 0.000000
-2.504963 -1.626920 -1.121520 0.000000 0.000000 0.000000
-0.578265 -2.208774 -3.975088 0.000000 0.000000 0.000000
-0.766930 -1.129929 9.387932 0.000000 0.000000 0.000000
2.672415 0.801674 2.172680 0.000000 0.000000 0.000000
2.233967 -5.990733 -7.505685 0.000000 0.000000 0.000000
-6.101917 2.139709 6.278358 0.000000 0.000000 0.000000
-0.322801 1.248075 1.090442 0.000000 0.000000 0.000000
-3.482047 6.877814 -1.984805 0.000000 0.000000 0.000000
1.860342 0.263310 3.404395 0.000000 0.000000 0.000000
-0.996161 -4.302771 -5.570634 0.000000 0.000000 0.000000
2.677398 -4.378784 -1.755557 0.000000 0.000000 0.000000
1.333693 -4.112875 0.285458 0.000000 0.000000 0.000000
6.353204 2.776297 -1.955170 0.000000 0.000000 0.000000
6.215225 4.808022 -3.820669 0.000000 0.000000 0.000000
-2.524895 -6.802645 0.534852 0.000000 0.000000 0.000000
4.436368 -2.327737 -0.617612 0.000000 0.000000 0.000000
2.985206 -0.141409 -1.544389 0.000000 0.000000 0.000000
4.361684 4.256214 0.161462 0.000000 0.000000 0.000000
4.799277 1.356156 -4.828790 0.000000 0.000000 0.000000
-0.091865 9.222623 -2.419826 0.000000 0.000000 0.000000
1.647419 2.681260 2.522892 0.000000 0.000000 0.000000
-9.024844 0.046206 -4.195089 0.000000 0.000000 0.000000
3.201774 -4.974367 3.346119 0.000000 0.000000 0.000000
4.678161 2.041472 0.462120 0.000000 0.000000 0.000000
-8.806231 3.847239 -1.558466 0.000000 0.000000 0.000000
-4.853074 7.110121 -0.048627 0.000000 0.000000 0.000000
-0.914459 6.999014 -6.572511 0.000000 0.000000 0.000000
2.142313 1.129390 -8.094466 0.000000 0.000000 0.000000
-3.777129 -2.762761 -6.058107 0.000000 0.000000 0.000000
0.766210 7.272336 2.658099 0.000000 0.000000 0.000000
-3.780578 -4.059056 -7.963604 0.000000 0.000000 0.000000
-6.783353 2.858120 5.581893 0.000000 0.000000 0.000000
-1.575193 -0.717622 2.682691 0.000000 0.000000 0.000000
2.222290 6.208900 -2.571086 0.000000 0.000000 0.000000
7.815122 0.676619 2.615812 0.000000 0.000000 0.000000
2.443772 3.703607 6.318100 0.000000 0.000000 0.000000
-2.325520 -0.542686 -1.760479 0.000000 0.000000 0.000000
2.542554 -1.125863 -4.972228 0.000000 0.000000 0.000000
-0.278166 1.817755 -4.983140 0.000000 0.000000 0.000000
1.024840 -7.151347 -2.242209 0.000000 0.000000 0.000000
-5.688477 -6.366733 0.834800 0.000000 0.000000 0.000000
5.385653 -4.563428 2.059581 0.000000 0.000000 0.000000
1.056449 3.800138 -3.585192 0.000000 0.000000 0.000000
-3.375533 -1.499412 -1.291997 0.000000 0.000000 0.000000
7.930054 3.398164 4.918472 0.000000 0.000000 0.000000
-3.164475 -1.133432 2.874644 0.000000 0.000000 0.000000
-1.144318 -4.490452 0.067470 0.000000 0.000000 0.000000
2.597550 -0.871154 -1.401371 0.000000 0.000000 0.000000
-2.607520 -0.442453 -8.062141 0.000000 0.000000 0.000000
-0.022388 -2.347839 -3.296304 0.000000 0.000000 0.000000
-9.044470 -0.947983 4.125964 0.000000 0.000000 0.000000
-1.397839 7.177115 3.964123 0.000000 0.000000 0.000000
-9.354835 2.914609 0.536644 0.000000 0.000000 0.000000
-2.630768 -2.844256 7.583218 0.000000 0.000000 0.000000
0.595637 5.431406 -1.034170 0.000000 0.000000 0.000000
-0.096777 -9.790446 0.632292 0.000000 0.000000 0.000000
4.003705 -6.650110 4.726842 0.000000 0.000000 0.000000
4.205203 -2.168380 0.459802 0.000000 0.000000 0.000000
-2.232416 2.499193 3.257274 0.000000 0.000000 0.000000
-0.368758 8.584725 -0.079108 0.000000 0.000000 0.000000
4.847043 7.650138 -1.888562 0.000000 0.000000 0.000000
5.027476 1.247946 6.847966 0.000000 0.000000 0.000000
-1.238694 0.564063 2.227020 0.000000 0.000000 0.000000
6.941776 3.811363 1.491800 0.000000 0.000000 0.000000
1.877187 0.507180 5.837135 0.000000 0.000000 0.000000
9.512131 -0.433702 -2.625525 0.000000 0.000000 0.000000
-7.161982 4.488897 -1.846590 0.000000 0.000000 0.000000
-5.503314 6.384352 -3.031485 0.000000 0.000000 0.000000
8.329297 0.774572 -0.909745 0.000000 0.000000 0.000000
3.024559 4.630218 -5.861872 0.000000 0.000000 0.000000
2.412359 -4.622938 -2.647684 0.000000 0.000000 0.000000
7.937212 2.852908 3.020631 0.000000 0.000000 0.000000
-3.729388 -8.597950 2.300810 0.000000 0.000000 0.000000
-1.520801 -2.592287 8.999150 0.000000 0.000000 0.000000
-3.318476 -4.019921 8.173634 0.000000 0.000000 0.000000
-6.585645 4.629379 5.777116 0.000000 0.000000 0.000000
0.816348 -6.297509 -4.617328 0.000000 0.000000 0.000000
7.015085 -5.989653 1.201444 0.000000 0.000000 0.000000
-5.702879 3.087576 -2.686593 0.000000 0.000000 0.000000
-2.028278 -0.036496 -1.767304 0.000000 0.000000 0.000000
-0.377382 4.883150 1.334602 0.000000 0.000000 0.000000
4.451502 -7.766276 1.113015 0.000000 0.000000 0.000000
3.402620 -8.454216 2.655212 0.000000 0.000000 0.000000
0.676937 4.702405 -4.534353 0.000000 0.000000 0.000000
-6.314516 -1.222211 -5.411035 0.000000 0.000000 0.000000
-1.133374 -6.834156 6.528826 0.000000 0.000000 0.000000
6.334026 -4.673799 1.107753 0.000000 0.000000 0.000000
3.654376 2.173590 -0.397458 0.000000 0.000000 0.000000
-2.471720 2.971804 -4.874320 0.000000 0.000000 0.000000
9.215723 -3.357707 -0.172114 0.000000 0.000000 0.000000
-7.809268 -3.221264 2.057244 0.000000 0.000000 0.000000
-2.698642 -4.153884 1.743596 0.000000 0.000000 0.000000
2.876206 0.856427 2.427312 0.000000 0.000000 0.000000
6.979846 5.930921 3.041673 0.000000 0.000000 0.000000
2.314684 8.137297 3.453641 0.000000 0.000000 0.000000
-0.461039 8.892505 3.299123 0.000000 0.000000 0.000000
1.493293 1.976920 -9.048657 0.000000 0.000000 0.000000
1.657106 4.823339 -6.653864 0.000000 0.000000 0.000000
-1.256258 6.388612 -2.960685 0.000000 0.000000 0.000000
-3.141730 -2.342763 -4.508782 0.000000 0.000000 0.000000
4.281587 -7.667131 0.524575 0.000000 0.000000 0.000000
-7.198993 0.722182 -3.053902 0.000000 0.000000 0.000000
8.934021 -3.866607 -0.029806 0.000000 0.000000 0.000000
5.928746 -6.360487 -1.825693 0.000000 0.000000 0.000000
1.385419 -4.043216 -7.977427 0.000000 0.000000 0.000000
1.559307 4.158531 -5.802083 0.000000 0.000000 0.000000
-4.354232 -3.643543 -6.261802 0.000000 0.000000 0.000000
-7.035456 4.095151 0.491937 0.000000 0.000000 0.000000
-0.917786 6.664574 -6.597322 0.000000 0.000000 0.000000
1.587613 -3.228291 6.521028 0.000000 0.000000 0.000000
3.412625 5.535203 -7.354862 0.000000 0.000000 0.000000
2.790322 7.870361 -1.406015 0.000000 0.000000 0.000000
0.390460 -4.130199 -2.381724 0.000000 0.000000 0.000000
-6.360388 -7.333633 0.241916 0.000000 0.000000 0.000000
-7.965069 4.583635 1.550404 0.000000 0.000000 0.000000
1.556517 4.439595 4.975658 0.000000 0.000000 0.000000
-3.429821 -0.290010 0.232048 0.000000 0.000000 0.000000
0.563427 8.883162 3.234944 0.000000 0.000000 0.000000
0.758550 4.482421 -5.944076 0.000000 0.000000 0.000000
-2.645974 -8.393585 -4.535484 0.000000 0.000000 0.000000
1.578178 -4.276630 2.770916 0.000000 0.000000 0.000000
-1.749542 8.344763 -3.100100 0.000000 0.000000 0.000000
4.265232 0.472252 8.794420 0.000000 0.000000 0.000000
0.163884 5.284957 5.616112 0.000000 0.000000 0.000000
2.822818 -4.540691 7.200893 0.000000 0.000000 0.000000
8.673978 -4.911643 -0.385568 0.000000 0.000000 0.000000
-2.171280 2.901573 8.788962 0.000000 0.000000 0.000000
0.006906 -0.891335 7.401394 0.000000 0.000000 0.000000
7.656335 -2.941308 -1.893074 0.000000 0.000000 0.000000
-2.462361 -5.529313 0.466002 0.000000 0.000000 0.000000
-6.964608 -5.695108 -2.308494 0.000000 0.000000 0.000000
-7.553296 -2.200036 -3.398716 0.000000 0.000000 0.000000
-8.586818 -2.029102 3.061801 0.000000 0.000000 0.000000
4.916475 -6.871898 -2.832821 0.000000 0.000000 0.000000
3.342723 3.154308 8.245184 0.000000 0.000000 0.000000
6.251460 -2.810745 5.936352 0.000000 0.000000 0.000000
1.637099 0.049175 -9.748541 0.000000 0.000000 0.000000
-0.423167 0.608293 1.958220 0.000000 0.000000 0.000000
5.697422 -0.177761 -4.261717 0.000000 0.000000 0.000000
-4.847671 -3.003086 -4.116182 0.000000 0.000000 0.000000
2.839004 -2.276680 -1.824402 0.000000 0.000000 0.000000
7.146438 5.573209 -0.766937 0.000000 0.000000 0.000000
0.238214 5.923655 -2.854956 0.000000 0.000000 0.000000
-7.372968 -1.203786 5.639858 0.000000 0.000000 0.000000
-2.348623 1.881543 -5.031868 0.000000 0.000000 0.000000
-1.167962 -8.476299 2.905403 0.000000 0.000000 0.000000
3.405924 0.609401 4.577120 0.000000 0.000000 0.000000
-5.271914 3.517155 -3.194421 0.000000 0.000000 0.000000
3.258415 -3.034196 4.182008 0.000000 0.000000 0.000000
5.488069 -3.884596 2.751653 0.000000 0.000000 0.000000
-2.351206 -0.412832 -0.866750 0.000000 0.000000 0.000000
2.431038 0.261937 0.465718 0.000000 0.000000 0.000000
6.494742 0.005766 -6.747470 0.000000 0.000000 0.000000
2.050147 -0.655583 7.861451 0.000000 0.000000 0.000000
-4.633075 -1.659823 -2.867885 0.000000 0.000000 0.000000
0.805084 0.734801 1.418436 0.000000 0.000000 0.000000
-6.044793 0.498318 6.672082 0.000000 0.000000 0.000000
-5.435022 2.241435 -2.272039 0.000000 0.000000 0.000000
-8.524003 -1.769706 3.207585 0.000000 0.000000 0.000000
-3.771148 3.450952 -1.682502 0.000000 0.000000 0.000000
-0.476941 -3.658872 -3.815063 0.000000 0.000000 0.000000
-4.754830 3.629748 0.450580 0.000000 0.000000 0.000000
2.642672 2.748916 4.493063 0.000000 0.000000 0.000000
-0.449664 -5.581278 -5.014144 0.000000 0.000000 0.000000
0.464571 1.757648 0.786118 0.000000 0.000000 0.000000
-7.334818 1.046448 -3.725247 0.000000 0.000000 0.000000
1.550250 -0.675936 7.607877 0.000000 0.000000 0.000000
2.309934 3.119914 2.595863 0.000000 0.000000 0.000000
1.866033 2.699744 2.799773 0.000000 0.000000 0.000000
0.262044 5.154858 -3.576575 0.000000 0.000000 0.000000
-3.286749 5.900722 -6.347430 0.000000 0.000000 0.000000
-4.322970 3.127278 1.714676 0.000000 0.000000 0.000000
-1.464364 3.606180 2.225769 0.000000 0.000000 0.000000
2.467602 -7.899212 2.452621 0.000000 0.000000 0.000000
-7.606874 -2.877962 2.760431 0.000000 0.000000 0.000000
9.088208 1.283969 1.241074 0.000000 0.000000 0.000000
6.947987 -1.080324 1.467105 0.000000 0.000000 0.000000
-3.318226 -7.073273 -5.279776 0.000000 0.000000 0.000000
1.874586 7.074462 -3.522125 0.000000 0.000000 0.000000
-6.773256 -1.088998 4.834889 0.000000 0.000000 0.000000
-0.303300 -7.979542 6.008951 0.000000 0.000000 0.000000
3.970241 0.716272 8.315918 0.000000 0.000000 0.000000
-2.356895 -2.620230 6.283185 0.000000 0.000000 0.000000
6.026726 3.474097 1.188153 0.000000 0.000000 0.000000
2.395134 -7.660340 2.020636 0.000000 0.000000 0.000000
4.728670 -1.896574 5.732068 0.000000 0.000000 0.000000
5.985848 3.264773 5.297218 0.000000 0.000000 0.000000
1.112369 -6.542638 -1.646962 0.000000 0.000000 0.000000
-0.730858 1.530018 -2.920205 0.000000 0.000000 0.000000
6.525786 0.751580 -6.539746 0.000000 0.000000 0.000000
5.038225 0.962196 -0.371748 0.000000 0.000000 0.000000
-0.756833 9.309853 0.967159 0.000000 0.000000 0.000000
-7.042842 1.031555 1.618046 0.000000 0.000000 0.000000
-2.246498 4.675270 -3.684962 0.000000 0.000000 0.000000
1.846766 -3.318276 -7.391469 0.000000 0.000000 0.000000
1.629041 0.040112 8.311957 0.000000 0.000000 0.000000
1.158383 -3.867934 3.390565 0.000000 0.000000 0.000000
-2.166322 -9.449428 -0.311717 0.000000 0.000000 0.000000
2.627136 -0.641845 -7.340673 0.000000 0.000000 0.000000
7.880590 -0.847225 -0.384749 0.000000 0.000000 0.000000
6.381247 -5.802368 2.025647 0.000000 0.000000 0.000000
-0.301410 1.147202 5.702076 0.000000 0.000000 0.000000
0.580326 -4.530391 2.138365 0.000000 0.000000 0.000000
-5.419615 -4.285839 4.391619 0.000000 0.000000 0.000000
2.725981 -4.235443 4.621227 0.000000 0.000000 0.000000
-6.350453 -2.599140 2.370275 0.000000 0.000000 0.000000
4.924949 2.115107 7.388111 0.000000 0.000000 0.000000
-8.805533 1.672650 -4.252313 0.000000 0.000000 0.000000
-2.143667 3.080492 -0.991194 0.000000 0.000000 0.000000
1.936301 4.471882 1.952136 0.000000 0.000000 0.000000
4.840028 4.939671 1.520446 0.000000 0.000000 0.000000
8.697832 1.454395 4.673247 0.000000 0.000000 0.000000
-2.714239 -3.745275 4.621620 0.000000 0.000000 0.000000
-0.767387 -7.144927 1.624709 0.000000 0.000000 0.000000
-2.623192 -5.408752 0.721463 0.000000 0.000000 0.000000
-2.790505 2.891072 -3.285124 0.000000 0.000000 0.000000
-2.860316 6.971354 1.806450 0.000000 0.000000 0.000000
-6.058352 6.665158 -3.903698 0.000000 0.000000 0.000000
-2.011742 0.803673 2.444860 0.000000 0.000000 0.000000
-1.818573 9.607025 1.513850 0.000000 0.000000 0.000000
8.164595 -1.461711 2.773836 0.000000 0.000000 0.000000
2.085924 -0.547715 -5.813363 0.000000 0.000000 0.000000
-0.668068 -8.993535 2.256538 0.000000 0.000000 0.000000
6.351821 -6.541131 -1.458552 0.000000 0.000000 0.000000
2.728434 -5.030985 -7.066749 0.000000 0.000000 0.000000
-6.508107 -6.733380 -0.680535 0.000000 0.000000 0.000000
-1.606549 5.020638 8.310763 0.000000 0.000000 0.000000
-4.603067 -4.881719 1.317922 0.000000 0.000000 0.000000
0.196005 -6.554880 -2.245124 0.000000 0.000000 0.000000
-5.178230 1.135962 1.223194 0.000000 0.000000 0.000000
2.574001 -5.082360 1.896734 0.000000 0.000000 0.000000
-9.506751 -2.889936 -0.008843 0.000000 0.000000 0.000000
-3.330215 0.114040 1.961204 0.000000 0.000000 0.000000
-3.246638 7.665223 -4.611648 0.000000 0.000000 0.000000
1.059719 5.806609 -4.304631 0.000000 0.000000 0.000000
-5.316531 -7.398781 3.460399 0.000000 0.000000 0.000000
-5.625900 6.313254 0.333984 0.000000 0.000000 0.000000
-5.921568 3.065076 -4.428933 0.000000 0.000000 0.000000
-1.712705 -2.686729 6.095690 0.000000 0.000000 0.000000
-1.267929 -5.662086 -4.881892 0.000000 0.000000 0.000000
1.874935 9.315878 0.233528 0.000000 0.000000 0.000000
7.634999 5.623677 0.588349 0.000000 0.000000 0.000000
4.214867 -5.542087 -0.042356 0.000000 0.000000 0.000000
1.850112 0.763852 4.269586 0.000000 0.000000 0.000000
-8.087949 4.470595 -3.429183 0.000000 0.000000 0.000000
-4.062494 0.321885 3.981473 0.000000 0.000000 0.000000
-3.603543 -8.370222 0.870349 0.000000 0.000000 0.000000
6.618963 1.108122 -6.572516 0.000000 0.000000 0.000000
1.391686 -1.767942 -0.332873 0.000000 0.000000 0.000000
-2.958820 1.404291 -4.579901 0.000000 0.000000 0.000000
1.382594 9.007984 -3.005233 0.000000 0.000000 0.000000
2.199731 -7.951380 -5.059029 0.000000 0.000000 0.000000
-0.576758 -1.926832 -9.431043 0.000000 0.000000 0.000000
-2.953040 4.775750 -4.597017 0.000000 0.000000 0.000000
-0.790293 4.304510 -8.841251 0.000000 0.000000 0.000000
-6.584569 1.408988 5.673806 0.000000 0.000000 0.000000
1.363421 7.858026 -3.874406 0.000000 0.000000 0.000000
-6.869315 0.488796 -4.812019 0.000000 0.000000 0.000000
-5.793896 7.915368 0.906705 0.000000 0.000000 0.000000
2.787154 -7.755457 -3.478267 0.000000 0.000000 0.000000
-2.921709 0.670169 -8.203067 0.000000 0.000000 0.000000
0.251127 -4.971872 4.939981 0.000000 0.000000 0.000000
-1.554228 -4.110670 4.052332 0.000000 0.000000 0.000000
5.337791 -4.638361 -3.254872 0.000000 0.000000 0.000000
-1.330406 2.242867 5.342932 0.000000 0.000000 0.000000
1.655950 5.006152 -4.584028 0.000000 0.000000 0.000000
1.444482 3.183751 5.172700 0.000000 0.000000 0.000000
0.558706 4.161413 1.173483 0.000000 0.000000 0.000000
-9.286855 3.568848 0.478756 0.000000 0.000000 0.000000
-4.940008 -1.144247 -4.966401 0.000000 0.000000 0.000000
6.559300 -3.757668 -3.284951 0.000000 0.000000 0.000000
-8.505498 -2.880194 -2.296102 0.000000 0.000000 0.000000
4.231744 -2.844824 2.752035 0.000000 0.000000 0.000000
4.293509 -2.252447 -1.999503 0.000000 0.000000 0.000000
-0.689475 -5.824015 -5.768718 0.000000 0.000000 0.000000
-6.121382 7.340205 -0.094913 0.000000 0.000000 0.000000
-6.110550 -0.743200 7.619968 0.000000 0.000000 0.000000
-1.950862 -0.600411 2.364459 0.000000 0.000000 0.000000
-4.200056 3.558209 -1.170581 0.000000 0.000000 0.000000
8.786635 3.733497 -1.605106 0.000000 0.000000 0.000000
3.827254 3.576571 -1.329357 0.000000 0.000000 0.000000
-2.634454 -3.355566 -8.651841 0.000000 0.000000 0.000000
5.729798 0.522153 0.572349 0.000000 0.000000 0.000000
3.823733 0.922476 8.201588 0.000000 0.000000 0.000000
-5.018298 -7.411497 -4.117733 0.000000 0.000000 0.000000
-6.905433 -3.509223 -0.330465 0.000000 0.000000 0.000000
-0.054008 -7.506465 5.942856 0.000000 0.000000 0.000000
-3.267198 7.253343 -0.179796 0.000000 0.000000 0.000000
-7.969568 -5.525814 1.515724 0.000000 0.000000 0.000000
4.872224 2.571664 3.313999 0.000000 0.000000 0.000000
-1.880577 0.016224 -0.924883 0.000000 0.000000 0.000000
